"kin" <- 0.19647842473005347
"kr" <- -0.8005334873535584
"ki" <- 0.04977246648059261
"kpl" <- -0.6911661176890627
