"kin" <- 0.041229041577546914
"kr" <- -0.784644359831174
"ki" <- 0.17013403352533424
"kpl" <- -0.5894461440137355
