"Means" <- structure(c(8820.0,6679.6113809369335,6085.34276104217,5543.940987824324,5050.706454714651,4601.351494416243,4191.970632664722,3819.0066562706234,3479.2193777535813,3169.6572359123315,2887.6314642863417,2630.6926413594188,2396.609319273084,2183.3485913192467,1989.0584301508381,1812.0515324531975,1650.790704251848,1503.8754685906395,1370.02990777878,1248.0915810464817,1137.0014293500792,1035.7945816575498,943.5919744505452,859.5927212910232,783.0671586066218,713.350517417225,649.8371341969245,591.9752241835611,539.2620684577543,491.2396570641844,447.49071379450254,407.6350717708056,371.32637522193517,338.24907276176987,308.11567909855313,280.6642807717307,255.65625491467355,232.87420719539176,212.1200776223988,193.21342436599903,175.98985593780355,160.29960445533885,146.00622457221843,132.98540887512505,121.12390830422397,110.31854902195379,100.47533567816178,91.50863594402992,83.34043553171708,75.89966153623963,69.12156503318522,62.94715805676076,57.32270144705321,52.19923809811371,47.532167242908784,43.2808571439067,39.40829191997757,35.88074989793043,32.66751054781009,29.74058747905038,27.07448518589256,24.645977428640062,22.43390532662507,20.4189934103256,18.583682035539837,16.911974702008806,15.389298939362675,14.002379602853539,12.739123536247654,11.588514199403846,10.540515900451801,9.58598653774788,8.716597961958048,7.924763760769754,7.203573051176812,6.54673039277551,5.94850102050494,5.403660911103687,0.0,35.236368593567704,45.691829131233256,54.89544262159453,60.6334015056601,58.47254073393009,58.01878933665029,77.96847604344073,65.817079106368,66.85285223714767,56.22521647885181,68.02549926650137,66.02796955650194,67.81608001725664,58.98664014235656,64.02293875055217,58.91168296604978,55.830410842233405,55.96392176623054,47.76350381868915,44.86470858059339,53.65574063729616,44.07108537558642,39.04306065661523,42.918985623417676,38.74236000614428,33.27099378523524,37.12630490211768,33.59707469921747,30.154308323291914,28.13767668284625,27.166798713694348,22.00163206847689,22.32248529126422,18.65921328721787,20.769198555644863,20.768222144656747,18.302787079805096,16.22005473715319,15.660789327923935,14.469338079622965,13.197780445158294,10.808575742200949,11.27021670337789,10.5897511990584,10.233144951745833,9.162069089054407,6.846306617842002,8.100296026097586,7.601622625406008,4.757779664585219,7.184058809463879,6.622682348143259,6.799170781621378,4.100430700232083,4.312319353061631,4.433369279346116,3.2679031892487314,5.026996213312219,2.8802541029689723,2.3547684820427444,2.5196870899750596,2.1655719523342856,0.7183257473778997,3.2176224446557042,2.4040438881103086,1.7661456049093602,0.83949635721126,1.44455303600198,0.8421788556861272,2.8820437522435594,0.9874137008139434,0.5507761933665044,2.2124727437535583,-1.321567970458012,1.167084241082477,1.0102508567892259,0.3043778082126839
), .Dim=c(78, 1, 2))
"stsl" <- structure(c(78
), .Dim=c(1, 1))
"obSta" <- structure(c(1,2
), .Dim=c(1, 2))
"sts" <- structure(c(0,15,20,25,30,35,40,45,50,55,60,65,70,75,80,85,90,95,100,105,110,115,120,125,130,135,140,145,150,155,160,165,170,175,180,185,190,195,200,205,210,215,220,225,230,235,240,245,250,255,260,265,270,275,280,285,290,295,300,305,310,315,320,325,330,335,340,345,350,355,360,365,370,375,380,385,390,395
), .Dim=c(78, 1))
"obser" <- 2
"Y0us" <- structure(c(4900.000000000001,0.0,0.0,528.6092374258292,9439.968397400458,598.4884906461118,0.0,0.0,0.0,0.0,0.0,4900.000000000001,0.0,8820.0
), .Dim=c(14, 1))
"ts" <- structure(c(1.0e-20,1.0,2.0,3.0,4.0,5.0,6.0,7.0,8.0,9.0,10.0,11.0,12.0,13.0,14.0,15.0,16.0,17.0,18.0,19.0,20.0,21.0,22.0,23.0,24.0,25.0,26.0,27.0,28.0,29.0,30.0,31.0,32.0,33.0,34.0,35.0,36.0,37.0,38.0,39.0,40.0,41.0,42.0,43.0,44.0,45.0,46.0,47.0,48.0,49.0,50.0,51.0,52.0,53.0,54.0,55.0,56.0,57.0,58.0,59.0,60.0,61.0,62.0,63.0,64.0,65.0,66.0,67.0,68.0,69.0,70.0,71.0,72.0,73.0,74.0,75.0,76.0,77.0,78.0,79.0,80.0,81.0,82.0,83.0,84.0,85.0,86.0,87.0,88.0,89.0,90.0,91.0,92.0,93.0,94.0,95.0,96.0,97.0,98.0,99.0,100.0,101.0,102.0,103.0,104.0,105.0,106.0,107.0,108.0,109.0,110.0,111.0,112.0,113.0,114.0,115.0,116.0,117.0,118.0,119.0,120.0,121.0,122.0,123.0,124.0,125.0,126.0,127.0,128.0,129.0,130.0,131.0,132.0,133.0,134.0,135.0,136.0,137.0,138.0,139.0,140.0,141.0,142.0,143.0,144.0,145.0,146.0,147.0,148.0,149.0,150.0,151.0,152.0,153.0,154.0,155.0,156.0,157.0,158.0,159.0,160.0,161.0,162.0,163.0,164.0,165.0,166.0,167.0,168.0,169.0,170.0,171.0,172.0,173.0,174.0,175.0,176.0,177.0,178.0,179.0,180.0,181.0,182.0,183.0,184.0,185.0,186.0,187.0,188.0,189.0,190.0,191.0,192.0,193.0,194.0,195.0,196.0,197.0,198.0,199.0,200.0,201.0,202.0,203.0,204.0,205.0,206.0,207.0,208.0,209.0,210.0,211.0,212.0,213.0,214.0,215.0,216.0,217.0,218.0,219.0,220.0,221.0,222.0,223.0,224.0,225.0,226.0,227.0,228.0,229.0,230.0,231.0,232.0,233.0,234.0,235.0,236.0,237.0,238.0,239.0,240.0,241.0,242.0,243.0,244.0,245.0,246.0,247.0,248.0,249.0,250.0,251.0,252.0,253.0,254.0,255.0,256.0,257.0,258.0,259.0,260.0,261.0,262.0,263.0,264.0,265.0,266.0,267.0,268.0,269.0,270.0,271.0,272.0,273.0,274.0,275.0,276.0,277.0,278.0,279.0,280.0,281.0,282.0,283.0,284.0,285.0,286.0,287.0,288.0,289.0,290.0,291.0,292.0,293.0,294.0,295.0,296.0,297.0,298.0,299.0,300.0,301.0,302.0,303.0,304.0,305.0,306.0,307.0,308.0,309.0,310.0,311.0,312.0,313.0,314.0,315.0,316.0,317.0,318.0,319.0,320.0,321.0,322.0,323.0,324.0,325.0,326.0,327.0,328.0,329.0,330.0,331.0,332.0,333.0,334.0,335.0,336.0,337.0,338.0,339.0,340.0,341.0,342.0,343.0,344.0,345.0,346.0,347.0,348.0,349.0,350.0,351.0,352.0,353.0,354.0,355.0,356.0,357.0,358.0,359.0,360.0,361.0,362.0,363.0,364.0,365.0,366.0,367.0,368.0,369.0,370.0,371.0,372.0,373.0,374.0,375.0,376.0,377.0,378.0,379.0,380.0,381.0,382.0,383.0,384.0,385.0,386.0,387.0,388.0,389.0,390.0,391.0,392.0,393.0,394.0,395.0
), .Dim=c(396, 1))
"itp" <- 0.0
"ncells" <- structure(c(0
), .Dim=c(1, 1))
"stslm" <- 78
"tml" <- 396
