"kbnE" <- 0.044703299548154767
"LDH" <- -0.6045439119512
"kin" <- 1.1711147996724574
"ki" <- -0.1771995778879433
"kunE" <- -0.08168212515345882
"kpl" <- -0.7020675634419024
"NADH" <- -1.063796647671273
"kup" <- -0.37666014786876206
"kbp" <- -0.18445894558390297
"kr" <- -0.9288882596527118
"NAD" <- 0.15268333053247887
"kun" <- -1.0435729450162194
"kbn" <- -1.3795410821302023
