"kbnE" <- 0.7430317554888175
"LDH" <- -0.7147494625504303
"kin" <- 0.7380168609259683
"ki" <- 0.4586671354984681
"kunE" <- -0.16947708713761805
"kpl" <- -0.6986094331960828
"NADH" <- -1.3312712919819234
"kup" <- -0.190713761528876
"kbp" <- 0.5240748882123941
"kr" <- -1.1370165816503486
"NAD" <- 1.4056343738951045
"kun" <- -0.0704710872268155
"kbn" <- -0.10658237513617441
