"Means" <- structure(c(2160.0,1627.9138756039592,1475.7509748728687,1335.6595093143676,1207.1053696878412,1089.5001587462293,982.2485658717989,884.7695047442656,796.4743143023693,716.7210954383365,644.8069475685793,580.0124985447709,521.6500948367328,469.08690309443875,421.7493042589066,379.11991140169494,340.73268556170416,306.1679274181229,275.0476221524275,247.0312257446404,221.8118888551904,199.11307199391283,178.68551629583476,160.30452695557554,143.76753610720274,128.89191400347224,115.51300103550051,103.48233842654474,92.6660739414395,82.94352750251898,74.20589807817551,66.355099076152,59.30270786671302,52.969018747663576,47.282188703780925,42.177467369755696,37.59650146746485,33.48670841405568,29.80070939440801,26.495820513278698,23.533591321936647,20.879389216239115,18.502023965899824,16.37340986332135,14.46826011916246,12.763811303327081,11.239574718480982,9.877111921458667,8.659832431442839,7.572811079428182,6.602623257463772,5.73719636399675,4.96567570101025,4.278303731622027,3.6663107464667037,3.12181674048095,2.6377428071675086,2.2077311335812486,1.8260729527023085,1.4876435800724095,1.187843884810572,0.9225475310390924,0.6880534279392768,0.4810429001250718,0.2985411004563689,0.13788225317090974,-0.003321648516857017,-0.1272090297888349,-0.23569411200191573,-0.33048974594375946,-0.41312803271010834,-0.4849787179230146,-0.5472659410369605,-0.6010831393827745,-0.647406596193724,-0.6871074847274874,-0.7209628105068185,-0.7496651411916883,0.0,16.621551368309532,25.79218477052254,35.88085138451784,44.722733860823794,47.696861773936206,51.474735692123375,74.14890753023391,66.22413495927229,70.36872410051312,61.345728265859236,76.39039135674867,75.90623547983202,79.48671100558619,70.26940449266057,77.3278104329211,72.00234260743751,68.94218698444546,69.73371462847858,59.99317914295106,56.75584613392525,68.31464721966343,56.43987956776205,50.268459490690866,55.5315832940508,50.35751776636142,43.43154156789948,48.6605893514014,44.20452498933626,39.82116587698995,37.2903362467894,36.12826018971122,29.35842652613972,29.886099910148115,25.064459450464973,27.991225416467202,28.08318476876902,24.83277892165506,22.082379944465938,21.39563166514803,19.838935972465777,18.131453277295282,15.089999105319176,15.559731304058829,14.61913583288323,14.007125250670132,12.720129500576546,10.20168732141814,11.26560978515451,10.588855399441847,7.578296941743972,9.848616508584172,9.14144136076361,9.181714328594628,6.35578380752482,6.448969882237605,6.459290011127192,5.190574570434025,6.853429428697562,4.617014196305117,4.0079972987882515,4.095125866683089,3.668583405900591,2.1539155525765845,4.590460014249489,3.7184823926023682,3.0262411880413227,2.0490265176204003,2.6070341556532193,1.960882885648723,3.960014027846386,2.0274799485664627,1.555568695623172,3.18443571212017,-0.38016381092148954,2.080038683308617,1.8967141608870668,1.1661684890635848
), .Dim=c(78, 1, 2))
"stsl" <- structure(c(78
), .Dim=c(1, 1))
"obSta" <- structure(c(1,2
), .Dim=c(1, 2))
"sts" <- structure(c(0,15,20,25,30,35,40,45,50,55,60,65,70,75,80,85,90,95,100,105,110,115,120,125,130,135,140,145,150,155,160,165,170,175,180,185,190,195,200,205,210,215,220,225,230,235,240,245,250,255,260,265,270,275,280,285,290,295,300,305,310,315,320,325,330,335,340,345,350,355,360,365,370,375,380,385,390,395
), .Dim=c(78, 1))
"obser" <- 2
"Y0us" <- structure(c(1200.0000000000002,0.0,0.0,324.4399930025811,7713.147542815224,430.4629663847335,0.0,0.0,0.0,0.0,0.0,1200.0000000000002,0.0,2160.0
), .Dim=c(14, 1))
"ts" <- structure(c(1.0e-20,1.0,2.0,3.0,4.0,5.0,6.0,7.0,8.0,9.0,10.0,11.0,12.0,13.0,14.0,15.0,16.0,17.0,18.0,19.0,20.0,21.0,22.0,23.0,24.0,25.0,26.0,27.0,28.0,29.0,30.0,31.0,32.0,33.0,34.0,35.0,36.0,37.0,38.0,39.0,40.0,41.0,42.0,43.0,44.0,45.0,46.0,47.0,48.0,49.0,50.0,51.0,52.0,53.0,54.0,55.0,56.0,57.0,58.0,59.0,60.0,61.0,62.0,63.0,64.0,65.0,66.0,67.0,68.0,69.0,70.0,71.0,72.0,73.0,74.0,75.0,76.0,77.0,78.0,79.0,80.0,81.0,82.0,83.0,84.0,85.0,86.0,87.0,88.0,89.0,90.0,91.0,92.0,93.0,94.0,95.0,96.0,97.0,98.0,99.0,100.0,101.0,102.0,103.0,104.0,105.0,106.0,107.0,108.0,109.0,110.0,111.0,112.0,113.0,114.0,115.0,116.0,117.0,118.0,119.0,120.0,121.0,122.0,123.0,124.0,125.0,126.0,127.0,128.0,129.0,130.0,131.0,132.0,133.0,134.0,135.0,136.0,137.0,138.0,139.0,140.0,141.0,142.0,143.0,144.0,145.0,146.0,147.0,148.0,149.0,150.0,151.0,152.0,153.0,154.0,155.0,156.0,157.0,158.0,159.0,160.0,161.0,162.0,163.0,164.0,165.0,166.0,167.0,168.0,169.0,170.0,171.0,172.0,173.0,174.0,175.0,176.0,177.0,178.0,179.0,180.0,181.0,182.0,183.0,184.0,185.0,186.0,187.0,188.0,189.0,190.0,191.0,192.0,193.0,194.0,195.0,196.0,197.0,198.0,199.0,200.0,201.0,202.0,203.0,204.0,205.0,206.0,207.0,208.0,209.0,210.0,211.0,212.0,213.0,214.0,215.0,216.0,217.0,218.0,219.0,220.0,221.0,222.0,223.0,224.0,225.0,226.0,227.0,228.0,229.0,230.0,231.0,232.0,233.0,234.0,235.0,236.0,237.0,238.0,239.0,240.0,241.0,242.0,243.0,244.0,245.0,246.0,247.0,248.0,249.0,250.0,251.0,252.0,253.0,254.0,255.0,256.0,257.0,258.0,259.0,260.0,261.0,262.0,263.0,264.0,265.0,266.0,267.0,268.0,269.0,270.0,271.0,272.0,273.0,274.0,275.0,276.0,277.0,278.0,279.0,280.0,281.0,282.0,283.0,284.0,285.0,286.0,287.0,288.0,289.0,290.0,291.0,292.0,293.0,294.0,295.0,296.0,297.0,298.0,299.0,300.0,301.0,302.0,303.0,304.0,305.0,306.0,307.0,308.0,309.0,310.0,311.0,312.0,313.0,314.0,315.0,316.0,317.0,318.0,319.0,320.0,321.0,322.0,323.0,324.0,325.0,326.0,327.0,328.0,329.0,330.0,331.0,332.0,333.0,334.0,335.0,336.0,337.0,338.0,339.0,340.0,341.0,342.0,343.0,344.0,345.0,346.0,347.0,348.0,349.0,350.0,351.0,352.0,353.0,354.0,355.0,356.0,357.0,358.0,359.0,360.0,361.0,362.0,363.0,364.0,365.0,366.0,367.0,368.0,369.0,370.0,371.0,372.0,373.0,374.0,375.0,376.0,377.0,378.0,379.0,380.0,381.0,382.0,383.0,384.0,385.0,386.0,387.0,388.0,389.0,390.0,391.0,392.0,393.0,394.0,395.0
), .Dim=c(396, 1))
"itp" <- 0.0
"ncells" <- structure(c(0
), .Dim=c(1, 1))
"stslm" <- 78
"tml" <- 396
"Erros" <- structure(c(259.2,195.3496650724751,177.09011698474424,160.2791411177241,144.85264436254093,130.74001904954753,117.86982790461586,106.17234056931187,95.57691771628431,86.00653145260038,77.37683370822951,69.6014998253725,62.59801138040794,56.290428371332645,50.60991651106879,45.49438936820339,40.8879222674045,36.740151290174744,33.005714658291296,29.643747089356847,26.617426662622847,23.89356863926954,21.44226195550017,19.236543234669064,17.252104332864327,15.467029680416667,13.86156012426006,12.41788061118537,11.119928872972741,9.953223300302277,8.90470776938106,7.96261188913824,7.116324944005562,6.356282249719629,5.673862644453711,5.061296084370683,4.511580176095782,4.018405009686681,3.576085127328961,3.1794984615934436,2.8240309586323975,2.505526705948694,2.220242875907979,1.964809183598562,1.736191214299495,1.5316573563992497,1.348748966217718,1.18525343057504,1.0391798917731405,1.0,1.0,1.0,1.0,1.0,1.0,1.0,1.0,1.0,1.0,1.0,1.0,1.0,1.0,1.0,1.0,1.0,1.0,1.0,1.0,1.0,1.0,1.0,1.0,1.0,1.0,1.0,1.0,1.0,1.0,1.2204230608331186,1.8969735658296631,2.5923431121046305,3.2663146330490287,3.8901490838918735,4.442272570100379,4.906039971696919,5.270783237217505,5.534671523000813,5.704755330641169,5.793162074743602,5.813110935222874,5.776879937662622,5.695217592638216,5.5773332955295425,5.431049506520269,5.262979636191635,5.07869452556079,4.882869541590617,4.679412009654777,4.471571147165364,4.262032655078789,4.053000214606482,3.8462657100271533,3.6432697905528717,3.4451541398164145,3.252806565990404,3.0668999614383736,2.8879258852632588,2.716223542598717,2.552004737607854,2.3953753636758877,2.246353871705203,2.1048871212598255,1.970863949262169,1.8441267809943684,1.7244815114213004,1.6117059185007157,1.505556768483216,1.4057758300498737,1.3120949150329662,1.2242400940286235,1.1419351843864893,1.0649046304201744,1.0,1.0,1.0,1.0,1.0,1.0,1.0,1.0,1.0,1.0,1.0,1.0,1.0,1.0,1.0,1.0,1.0,1.0,1.0,1.0,1.0,1.0,1.0,1.0,1.0,1.0,1.0,1.0,1.0,1.0,1.0,1.0,1.0
), .Dim=c(78, 1, 2))
"m" <- 1
"nts" <- structure(c(395
), .Dim=c(1, 1))
