"Means" <- structure(c(2339.9999999999995,1763.6980043348744,1599.0053250637632,1447.471448434075,1308.5383863865206,1181.5994530150463,1066.0401012970815,961.2211145076226,866.422076151184,780.8322284202196,703.6129442640013,633.962001352031,571.1419187280864,514.484363714524,463.38617188268677,417.30351096074395,375.74606607108626,338.27168706554767,304.4815647268594,274.0159033786301,246.55005020782343,221.79101914016647,199.4743741013576,179.3614277846782,161.23672247728507,144.9057624115645,130.19297117648,116.93985096184174,105.00332234650307,94.25422788467257,84.57598042150029,75.86334402732948,68.02133367467898,60.96421904177569,54.614631988913466,48.90275215360242,43.76557632421832,39.14625736576122,34.993506625610856,31.261055247099247,27.907165262757772,24.89419200789284,22.188184168300953,19.75852600927999,17.577611745501425,15.620553169799306,13.864914712851265,12.29047436721778,10.879007627993497,9.614092413632854,8.48093290062714,7.466200614875819,6.557890353639854,5.745190813116715,5.0183672328485125,4.368655853291283,3.788168312622452,3.269805553792023,2.8071799887073596,2.394545297607448,2.026733163497841,1.6990959876289482,1.407455431533008,1.1480557416422386,0.9175218865447894,0.7128216534498658,0.5312315287065581,0.37030587393715275,0.2278491795481307,0.10189101713341388,-0.009336500383770261,-0.1074190659048531,-0.1937785283917289,-0.26968937705652696,-0.3362936583789542,-0.3946143270737775,-0.4455673516341951,-0.4899725761133624,0.0,17.880623058980404,27.66463620436742,38.35300875288014,47.60218872244553,50.49447925221564,54.11972367449784,77.32312767141599,68.47089612433399,72.18824558842726,62.51921628457274,77.43776523023219,76.61656144515077,79.94953559516418,70.47384909769272,77.36443642534087,71.88780578238777,68.71039207187249,69.39205152884966,59.61835400863652,56.33348404085092,67.73337713536546,55.90536391253099,49.74844416795257,54.91264056264307,49.75899634516719,42.885447708773064,48.01735372369636,43.593263461037175,39.247444554112306,36.73238253640911,35.568356765642996,28.888182745280396,29.39222626948376,24.63774612221549,27.500853656486733,27.577393747145706,24.373313159281732,21.662879022916048,20.978482128909587,19.442072659555254,17.759373173707147,14.772353704397132,15.223753163511581,14.295299681237704,13.70624052896362,12.43227310289771,9.92625024440016,11.001989693274504,10.336460799096425,7.3365504645066935,9.616957442899988,8.9193275602329,8.968623578541807,6.151214763324439,6.252442622584178,6.270346306539193,5.008777892543504,6.678364763723135,4.448287692443781,3.845235795907983,3.937976315006186,3.516712220981137,2.007007900490026,4.4482190704354245,3.580628573115433,2.892511369965489,1.9191732544492521,2.4808248998236806,1.8380992140885937,3.840450909478304,1.9109449979056965,1.4418814679467444,3.0734270154201044,-0.48865256539157587,1.9739212559729626,1.7928288241706953,1.0643848060138723
), .Dim=c(78, 1, 2))
"stsl" <- structure(c(78
), .Dim=c(1, 1))
"obSta" <- structure(c(1,2
), .Dim=c(1, 2))
"sts" <- structure(c(0,15,20,25,30,35,40,45,50,55,60,65,70,75,80,85,90,95,100,105,110,115,120,125,130,135,140,145,150,155,160,165,170,175,180,185,190,195,200,205,210,215,220,225,230,235,240,245,250,255,260,265,270,275,280,285,290,295,300,305,310,315,320,325,330,335,340,345,350,355,360,365,370,375,380,385,390,395
), .Dim=c(78, 1))
"obser" <- 2
"Y0us" <- structure(c(1299.9999999999998,0.0,0.0,528.6092374258292,9439.968397400458,598.4884906461118,0.0,0.0,0.0,0.0,0.0,1299.9999999999998,0.0,2339.9999999999995
), .Dim=c(14, 1))
"ts" <- structure(c(1.0e-20,1.0,2.0,3.0,4.0,5.0,6.0,7.0,8.0,9.0,10.0,11.0,12.0,13.0,14.0,15.0,16.0,17.0,18.0,19.0,20.0,21.0,22.0,23.0,24.0,25.0,26.0,27.0,28.0,29.0,30.0,31.0,32.0,33.0,34.0,35.0,36.0,37.0,38.0,39.0,40.0,41.0,42.0,43.0,44.0,45.0,46.0,47.0,48.0,49.0,50.0,51.0,52.0,53.0,54.0,55.0,56.0,57.0,58.0,59.0,60.0,61.0,62.0,63.0,64.0,65.0,66.0,67.0,68.0,69.0,70.0,71.0,72.0,73.0,74.0,75.0,76.0,77.0,78.0,79.0,80.0,81.0,82.0,83.0,84.0,85.0,86.0,87.0,88.0,89.0,90.0,91.0,92.0,93.0,94.0,95.0,96.0,97.0,98.0,99.0,100.0,101.0,102.0,103.0,104.0,105.0,106.0,107.0,108.0,109.0,110.0,111.0,112.0,113.0,114.0,115.0,116.0,117.0,118.0,119.0,120.0,121.0,122.0,123.0,124.0,125.0,126.0,127.0,128.0,129.0,130.0,131.0,132.0,133.0,134.0,135.0,136.0,137.0,138.0,139.0,140.0,141.0,142.0,143.0,144.0,145.0,146.0,147.0,148.0,149.0,150.0,151.0,152.0,153.0,154.0,155.0,156.0,157.0,158.0,159.0,160.0,161.0,162.0,163.0,164.0,165.0,166.0,167.0,168.0,169.0,170.0,171.0,172.0,173.0,174.0,175.0,176.0,177.0,178.0,179.0,180.0,181.0,182.0,183.0,184.0,185.0,186.0,187.0,188.0,189.0,190.0,191.0,192.0,193.0,194.0,195.0,196.0,197.0,198.0,199.0,200.0,201.0,202.0,203.0,204.0,205.0,206.0,207.0,208.0,209.0,210.0,211.0,212.0,213.0,214.0,215.0,216.0,217.0,218.0,219.0,220.0,221.0,222.0,223.0,224.0,225.0,226.0,227.0,228.0,229.0,230.0,231.0,232.0,233.0,234.0,235.0,236.0,237.0,238.0,239.0,240.0,241.0,242.0,243.0,244.0,245.0,246.0,247.0,248.0,249.0,250.0,251.0,252.0,253.0,254.0,255.0,256.0,257.0,258.0,259.0,260.0,261.0,262.0,263.0,264.0,265.0,266.0,267.0,268.0,269.0,270.0,271.0,272.0,273.0,274.0,275.0,276.0,277.0,278.0,279.0,280.0,281.0,282.0,283.0,284.0,285.0,286.0,287.0,288.0,289.0,290.0,291.0,292.0,293.0,294.0,295.0,296.0,297.0,298.0,299.0,300.0,301.0,302.0,303.0,304.0,305.0,306.0,307.0,308.0,309.0,310.0,311.0,312.0,313.0,314.0,315.0,316.0,317.0,318.0,319.0,320.0,321.0,322.0,323.0,324.0,325.0,326.0,327.0,328.0,329.0,330.0,331.0,332.0,333.0,334.0,335.0,336.0,337.0,338.0,339.0,340.0,341.0,342.0,343.0,344.0,345.0,346.0,347.0,348.0,349.0,350.0,351.0,352.0,353.0,354.0,355.0,356.0,357.0,358.0,359.0,360.0,361.0,362.0,363.0,364.0,365.0,366.0,367.0,368.0,369.0,370.0,371.0,372.0,373.0,374.0,375.0,376.0,377.0,378.0,379.0,380.0,381.0,382.0,383.0,384.0,385.0,386.0,387.0,388.0,389.0,390.0,391.0,392.0,393.0,394.0,395.0
), .Dim=c(396, 1))
"itp" <- 0.0
"ncells" <- structure(c(0
), .Dim=c(1, 1))
"stslm" <- 78
"tml" <- 396
"Erros" <- structure(c(280.79999999999995,211.6437605201849,191.88063900765158,173.69657381208899,157.02460636638247,141.79193436180554,127.92481215564978,115.34653374091471,103.97064913814208,93.69986741042635,84.43355331168014,76.07544016224372,68.53703024737035,61.738123645742874,55.60634062592241,50.076421315289274,45.08952792853035,40.592602447865715,36.53778776722313,32.88190840543562,29.58600602493881,26.614922296819977,23.93692489216291,21.523371334161382,19.348406697274207,17.38869148938774,15.6231565411776,14.032782115421009,12.600398681580367,11.310507346160708,10.149117650580035,9.103601283279536,8.162560040961479,7.315706285013083,6.553755838669615,5.86833025843229,5.2518691589061985,4.6975508838913465,4.199220795073303,3.7513266296519094,3.3488598315309326,2.9873030409471406,2.662582100196114,2.371023121113599,2.109313409460171,1.8744663803759167,1.6637897655421516,1.4748569240661336,1.3054809153592195,1.1536910896359425,1.0177119480752568,1.0,1.0,1.0,1.0,1.0,1.0,1.0,1.0,1.0,1.0,1.0,1.0,1.0,1.0,1.0,1.0,1.0,1.0,1.0,1.0,1.0,1.0,1.0,1.0,1.0,1.0,1.0,1.0,1.3128693128398081,2.03468934698222,2.7709531472243096,3.4766149599250213,4.118322357047462,4.670535180959112,5.116061284354222,5.449603105444118,5.677781319197517,5.813882114517416,5.8725909989077145,5.867509676122945,5.810516781511931,5.711787485605229,5.579974976004665,5.422410132513283,5.245284637555756,5.053811260372406,4.852362369643519,4.644589055097966,4.433523808220619,4.221668940721275,4.011072886098488,3.8033960840761294,3.599967914099137,3.4018359095261905,3.2098082977580105,3.0244907746408356,2.8463182471447768,2.675582262407908,2.5124546407218737,2.357007831731037,2.209232435044851,2.0690521817161525,1.9363368426742174,1.810913212937823,1.6925744818116202,1.5810881988627605,1.4762030051738364,1.3776543192038568,1.2851690859537122,1.1984697654302947,1.1172776082125633,1.0413153689667662,1.0,1.0,1.0,1.0,1.0,1.0,1.0,1.0,1.0,1.0,1.0,1.0,1.0,1.0,1.0,1.0,1.0,1.0,1.0,1.0,1.0,1.0,1.0,1.0,1.0,1.0,1.0,1.0,1.0,1.0,1.0,1.0,1.0
), .Dim=c(78, 1, 2))
"m" <- 1
