"kin" <- 0.09671768170043848
"kr" <- -0.8093464520990035
"ki" <- 0.08202480035279862
"kpl" <- -0.6365982241074758
