"kbnE" <- 2.7091328772173466
"LDH" <- -1.3090402061546313
"kin" <- 2.587062701196259
"ki" <- 0.27007564139409146
"kunE" <- 0.1997699369979955
"kpl" <- -0.670469065554325
"NADH" <- 0.8643642200188726
"kup" <- -1.5901230781689897
"kbp" <- 2.4931311891628343
"kr" <- -1.9855123482713677
"NAD" <- 1.87181617592183
"kun" <- 0.49809722958919683
"kbn" <- 2.882379062643393
