"kbnE" <- -0.36296413468982314
"LDH" <- -1.2528212559987104
"kin" <- 0.9803241712746003
"ki" <- -0.256553984549701
"kunE" <- -0.3134342076567099
"kpl" <- -0.676148824891561
"NADH" <- -0.14557129387917528
"kup" <- -0.401562753685803
"kbp" <- 0.35687635943928314
"kr" <- -1.4400532781061643
"NAD" <- 1.042182522065969
"kun" <- -0.46838159575384347
"kbn" <- 0.30096666776343844
