"kbnE" <- -0.3732686087761558
"LDH" <- -1.17976685862807
"kin" <- 0.20934505680929905
"ki" <- 3.728468950390555
"kunE" <- -1.1546632055234543
"kpl" <- -0.7015660721142024
"NADH" <- -0.5951518851511834
"kup" <- 1.5522741860173952
"kbp" <- 1.2000510408572036
"kr" <- -0.2173299465706152
"NAD" <- -0.4268347494242798
"kun" <- -0.4677044375199784
"kbn" <- 1.1403639585378544
