"Means" <- structure(c(1080.0,813.6774085992258,737.2789064895593,666.77101526418,601.8762891501473,542.2844823554007,487.6687658420174,437.6975288505946,392.0427726418953,350.3859182234653,312.42167787868414,277.8604966548215,246.42995239521878,217.87541101943543,191.96016263145123,168.46520975641647,147.188837289731,127.9460602423342,110.56801447602611,94.90132039742988,80.80739934723817,68.16164897990464,56.85229444822193,46.77867658010762,37.8488227631658,29.976465066593533,23.078126548560867,17.07113687888459,11.873145538011574,7.403017871118993,3.5824486181438324,0.3375542797615153,-2.4000024232163333,-4.692458656915045,-6.595865697408744,-8.16031140869649,-9.4303128901603,-10.445284561256699,-11.240024057557282,-11.845185048418807,-12.28772051926968,-12.591290900984003,-12.776632906729375,-12.86189312567436,-12.86292599161247,-12.793559960014766,-12.665834399262675,-12.490210713943682,-12.27575936148721,-12.030325458203142,-11.760676594110517,-11.472633137803033,-11.171184083005148,-10.860588787576654,-10.54446792766807,-10.225883458859574,-9.907409338448787,-9.591194051487662,-9.279015710160174,-8.97233073385237,-8.672316753084885,-8.37991028684171,-8.09584004671445,-7.820656142183504,-7.554755702473744,-7.298405368108887,-7.051760992162716,-6.814884846097105,-6.5877607101991185,-6.370306940198099,-6.162387873081019,-5.963823812091304,-5.774399495083824,-5.593871570618969,-5.421974989219152,-5.258428435111783,-5.102939116017177,-4.955206675303995,0.0,8.699028312906792,13.498284185955193,19.021345335489748,24.04912651768383,26.064611776234013,28.664612222407836,42.2405410723531,38.77463819186556,42.5445039602586,38.44599850965769,49.76278622564944,51.490505135627835,56.2101279443534,51.837070901493206,59.52637025986804,57.84503686802426,57.798821420128434,60.99455767147256,54.7261929987094,53.96387108227846,67.65041452642811,58.152502631683205,53.82075471536015,61.686951972458886,57.93418922432479,51.6450322505915,59.68202787159732,55.80363642427494,51.636752857716026,49.57571063139297,49.15857079946635,40.82204396245623,42.408049764270885,36.252179906485715,41.22304454944001,42.073808157716726,37.8177689236647,34.1606659075,33.60174691077379,31.61512224261338,29.306588766697946,24.729986108465916,25.847046034759966,24.60936804938389,23.880579103497777,21.928860837273398,18.166728015249213,19.780702104512528,18.742575143019913,14.731189633900275,17.388615005505113,16.284630407839355,16.00880159202287,12.782641020282824,12.615996741225578,12.37126386099912,10.859395079694579,12.290776342432203,9.834290437988717,9.016284799906778,8.90515215360117,8.290697292138251,6.598070464158069,8.866203696520653,7.834951923895626,6.992162373884082,5.87271687289327,6.296408787083926,5.52346270071455,7.402935834126073,5.35750778053644,4.779106429090323,6.307540303987428,2.648231458031083,5.019129393663783,4.751600188321373,3.9416589933713406
), .Dim=c(78, 1, 2))
"stsl" <- structure(c(78
), .Dim=c(1, 1))
"obSta" <- structure(c(1,2
), .Dim=c(1, 2))
"sts" <- structure(c(0,15,20,25,30,35,40,45,50,55,60,65,70,75,80,85,90,95,100,105,110,115,120,125,130,135,140,145,150,155,160,165,170,175,180,185,190,195,200,205,210,215,220,225,230,235,240,245,250,255,260,265,270,275,280,285,290,295,300,305,310,315,320,325,330,335,340,345,350,355,360,365,370,375,380,385,390,395
), .Dim=c(78, 1))
"obser" <- 2
"Y0us" <- structure(c(600.0000000000001,0.0,0.0,450.0,12599.0,226.0,0.0,0.0,0.0,0.0,0.0,600.0000000000001,0.0,1080.0
), .Dim=c(14, 1))
"ts" <- structure(c(1.0e-20,1.0,2.0,3.0,4.0,5.0,6.0,7.0,8.0,9.0,10.0,11.0,12.0,13.0,14.0,15.0,16.0,17.0,18.0,19.0,20.0,21.0,22.0,23.0,24.0,25.0,26.0,27.0,28.0,29.0,30.0,31.0,32.0,33.0,34.0,35.0,36.0,37.0,38.0,39.0,40.0,41.0,42.0,43.0,44.0,45.0,46.0,47.0,48.0,49.0,50.0,51.0,52.0,53.0,54.0,55.0,56.0,57.0,58.0,59.0,60.0,61.0,62.0,63.0,64.0,65.0,66.0,67.0,68.0,69.0,70.0,71.0,72.0,73.0,74.0,75.0,76.0,77.0,78.0,79.0,80.0,81.0,82.0,83.0,84.0,85.0,86.0,87.0,88.0,89.0,90.0,91.0,92.0,93.0,94.0,95.0,96.0,97.0,98.0,99.0,100.0,101.0,102.0,103.0,104.0,105.0,106.0,107.0,108.0,109.0,110.0,111.0,112.0,113.0,114.0,115.0,116.0,117.0,118.0,119.0,120.0,121.0,122.0,123.0,124.0,125.0,126.0,127.0,128.0,129.0,130.0,131.0,132.0,133.0,134.0,135.0,136.0,137.0,138.0,139.0,140.0,141.0,142.0,143.0,144.0,145.0,146.0,147.0,148.0,149.0,150.0,151.0,152.0,153.0,154.0,155.0,156.0,157.0,158.0,159.0,160.0,161.0,162.0,163.0,164.0,165.0,166.0,167.0,168.0,169.0,170.0,171.0,172.0,173.0,174.0,175.0,176.0,177.0,178.0,179.0,180.0,181.0,182.0,183.0,184.0,185.0,186.0,187.0,188.0,189.0,190.0,191.0,192.0,193.0,194.0,195.0,196.0,197.0,198.0,199.0,200.0,201.0,202.0,203.0,204.0,205.0,206.0,207.0,208.0,209.0,210.0,211.0,212.0,213.0,214.0,215.0,216.0,217.0,218.0,219.0,220.0,221.0,222.0,223.0,224.0,225.0,226.0,227.0,228.0,229.0,230.0,231.0,232.0,233.0,234.0,235.0,236.0,237.0,238.0,239.0,240.0,241.0,242.0,243.0,244.0,245.0,246.0,247.0,248.0,249.0,250.0,251.0,252.0,253.0,254.0,255.0,256.0,257.0,258.0,259.0,260.0,261.0,262.0,263.0,264.0,265.0,266.0,267.0,268.0,269.0,270.0,271.0,272.0,273.0,274.0,275.0,276.0,277.0,278.0,279.0,280.0,281.0,282.0,283.0,284.0,285.0,286.0,287.0,288.0,289.0,290.0,291.0,292.0,293.0,294.0,295.0,296.0,297.0,298.0,299.0,300.0,301.0,302.0,303.0,304.0,305.0,306.0,307.0,308.0,309.0,310.0,311.0,312.0,313.0,314.0,315.0,316.0,317.0,318.0,319.0,320.0,321.0,322.0,323.0,324.0,325.0,326.0,327.0,328.0,329.0,330.0,331.0,332.0,333.0,334.0,335.0,336.0,337.0,338.0,339.0,340.0,341.0,342.0,343.0,344.0,345.0,346.0,347.0,348.0,349.0,350.0,351.0,352.0,353.0,354.0,355.0,356.0,357.0,358.0,359.0,360.0,361.0,362.0,363.0,364.0,365.0,366.0,367.0,368.0,369.0,370.0,371.0,372.0,373.0,374.0,375.0,376.0,377.0,378.0,379.0,380.0,381.0,382.0,383.0,384.0,385.0,386.0,387.0,388.0,389.0,390.0,391.0,392.0,393.0,394.0,395.0
), .Dim=c(396, 1))
"itp" <- 0.0
"ncells" <- structure(c(0
), .Dim=c(1, 1))
"stslm" <- 78
"tml" <- 396
"Erros" <- structure(c(129.6,97.64128903190709,88.4734687787471,80.0125218317016,72.22515469801768,65.07413788264807,58.52025190104209,52.52370346207135,47.045132717027435,42.04631018681584,37.490601345442094,33.34325959857858,29.57159428742625,26.14504932233225,23.035219515774145,20.215825170769975,17.66266047476772,15.353527229080104,13.268161737123132,11.388158447691586,9.69688792166858,8.179397877588556,6.8222753337866315,5.613441189612915,4.541858731579896,3.5971758079912237,2.769375185827304,2.0485364254661507,1.4247774645613889,1.0,1.0,1.0,1.0,1.0,1.0,1.0,1.0,1.0,1.0,1.0,1.0,1.0,1.0,1.0,1.0,1.0,1.0,1.0,1.0,1.0,1.0,1.0,1.0,1.0,1.0,1.0,1.0,1.0,1.0,1.0,1.0,1.0,1.0,1.0,1.0,1.0,1.0,1.0,1.0,1.0,1.0,1.0,1.0,1.0,1.0,1.0,1.0,1.0,1.0,1.0,1.0,1.3742665422007518,1.756422451749268,2.1258259317748487,2.4737576385001483,2.7948325852619074,3.0860759923334222,3.3462288472460964,3.5752288079340184,3.773823916540747,3.943286300156406,4.085200611613728,4.201307813557092,4.293389466916012,4.363181079392808,4.41230592523333,4.442223217069256,4.454187371598978,4.449218955066112,4.428093447038706,4.391360631682806,4.339411484293321,4.272602977505579,4.191427433346404,4.096679285051744,3.989554888668094,3.871643693468396,3.744820422118985,3.611088713892862,3.4724314128471736,3.3307002442892535,3.1875516399210455,3.0444201979923577,2.9025171700244083,2.762843211726864,2.6262080260051808,2.49325242847482,2.364470387512883,2.2402297570001255,2.1207911748529606,2.0063248716882214,1.8969255125794109,1.7926251104771798,1.6934042145403982,1.59920154108252,1.5099222391091691,1.4254449334263617,1.3456277092529108,1.2703131943565775,1.1993328303766746,1.1325104597828268,1.0696653101663791,1.01061447847513,1.0,1.0,1.0,1.0,1.0,1.0,1.0,1.0,1.0,1.0,1.0,1.0,1.0,1.0,1.0,1.0,1.0,1.0,1.0,1.0,1.0,1.0,1.0
), .Dim=c(78, 1, 2))
"m" <- 1
"nts" <- structure(c(395
), .Dim=c(1, 1))
