"kbnE" <- 0.306873407818115
"LDH" <- -1.5292112571197176
"kin" <- -0.21610324956589763
"ki" <- 0.1588639394553647
"kunE" <- 0.022922994215644973
"kpl" <- -0.6416134490627864
"NADH" <- 0.19274210353524907
"kup" <- 0.4402635888571035
"kbp" <- 0.39621553561181994
"kr" <- -1.3823276949498102
"NAD" <- -1.0983398039142616
"kun" <- 0.020255687351479076
"kbn" <- 0.5943317019581642
