"kin" <- 0.0914560346401041
"kr" <- -0.8747085925980337
"ki" <- 0.004428406334538711
"kpl" <- -0.6819188657814004
