"Means" <- structure(c(24839.999999999996,18883.60243294729,17233.6669664609,15727.896500458013,14353.693791871125,13099.562426503904,11955.01065371198,10910.463606276395,9957.183100035372,9087.194542496243,8293.220175111865,7568.618176462733,6907.32709257175,6303.815113717975,5753.033789727532,5250.375824403876,4791.636403843415,4372.978205016558,3990.8991841645316,3642.203277597355,3323.9736796893944,3033.54844632141,2768.498220758805,2526.605911350337,2305.848144162066,2104.3783366228695,1920.5112499288841,1752.708891509986,1599.5676491258785,1459.8065480742507,1332.2565393544603,1215.8507166925249,1109.6153925214155,1012.6619533537438,924.1794264055692,843.4276956969427,769.7313111015504,702.4738382519107,641.0927019794449,585.0744805074048,533.9506108304271,487.29346596236843,444.71279156970553,405.8524194035794,370.38730425883745,338.02080138148875,308.48218293495745,281.52437546992417,256.9218925378391,234.46894870029666,213.97773812615193,195.27686375114467,178.20990368239518,162.63410263761008,148.41917792637597,135.4462297060866,123.60674645204973,112.80169731757901,102.9407037970751,93.9412837628882,85.72816155204345,78.23263833216092,71.39201747870943,65.14908015989944,59.451606730453626,54.251939886889346,49.50658621207237,45.175852382575094,41.22351314312406,37.61650803556144,34.324664878079126,31.320447782248355,28.57872678953072,26.07656741603898,23.79303898509563,21.709039494676936,19.807135891896277,18.071418218263812,0.0,27.176655798480777,33.52736402764445,39.18667614099512,42.54001299998805,40.54208147659255,39.885436053032336,53.25633448112774,44.7320568466488,45.25522052501899,37.93771368720621,45.776873223926934,44.33267283591092,45.44615459210041,39.46423596992081,42.77261423351097,39.308731581764185,37.211702359256314,37.264123344334564,31.77585725344153,29.823698120517932,35.64181209167406,29.255720772004967,25.90221027094431,28.457535093008097,25.674660530448115,22.03781542765751,24.57987408015776,22.23327973561016,19.9463172825166,18.60451462708492,17.955159431159977,14.535463776042183,14.741473311904235,12.317310662156718,13.735036378895582,13.888674473460702,12.23985058501908,10.770103496767772,10.556624349191559,9.779941974624448,8.851313530124564,6.7646903922431365,7.509318762881611,7.09328037719412,6.983552235697297,6.1427893406203395,4.041727458150595,5.495723919191735,5.183247007195787,2.5126357607919534,5.099989685942658,4.688300686130825,5.003820759100177,2.434150283776208,2.765803267139144,2.997932852378557,1.935447236455203,3.7899730804471767,1.7316349579011727,1.288011918619996,1.5287090842272169,1.2447171920806002,-0.13765965962213067,2.4216279976249195,1.6635129380679612,1.0768783774767807,0.19759881671491109,0.8464161845268185,0.2844592454943261,2.361645162021107,0.5014699285919324,0.09663491863617957,1.7876803997481105,-1.7192803506538517,0.7943542204122963,0.6605645867974931,-0.024055868831329374
), .Dim=c(78, 1, 2))
"stsl" <- structure(c(78
), .Dim=c(1, 1))
"obSta" <- structure(c(1,2
), .Dim=c(1, 2))
"sts" <- structure(c(0,15,20,25,30,35,40,45,50,55,60,65,70,75,80,85,90,95,100,105,110,115,120,125,130,135,140,145,150,155,160,165,170,175,180,185,190,195,200,205,210,215,220,225,230,235,240,245,250,255,260,265,270,275,280,285,290,295,300,305,310,315,320,325,330,335,340,345,350,355,360,365,370,375,380,385,390,395
), .Dim=c(78, 1))
"obser" <- 2
"Y0us" <- structure(c(13800.0,0.0,0.0,450.0,12599.0,226.0,0.0,0.0,0.0,0.0,0.0,13800.0,0.0,24839.999999999996
), .Dim=c(14, 1))
"ts" <- structure(c(1.0e-20,1.0,2.0,3.0,4.0,5.0,6.0,7.0,8.0,9.0,10.0,11.0,12.0,13.0,14.0,15.0,16.0,17.0,18.0,19.0,20.0,21.0,22.0,23.0,24.0,25.0,26.0,27.0,28.0,29.0,30.0,31.0,32.0,33.0,34.0,35.0,36.0,37.0,38.0,39.0,40.0,41.0,42.0,43.0,44.0,45.0,46.0,47.0,48.0,49.0,50.0,51.0,52.0,53.0,54.0,55.0,56.0,57.0,58.0,59.0,60.0,61.0,62.0,63.0,64.0,65.0,66.0,67.0,68.0,69.0,70.0,71.0,72.0,73.0,74.0,75.0,76.0,77.0,78.0,79.0,80.0,81.0,82.0,83.0,84.0,85.0,86.0,87.0,88.0,89.0,90.0,91.0,92.0,93.0,94.0,95.0,96.0,97.0,98.0,99.0,100.0,101.0,102.0,103.0,104.0,105.0,106.0,107.0,108.0,109.0,110.0,111.0,112.0,113.0,114.0,115.0,116.0,117.0,118.0,119.0,120.0,121.0,122.0,123.0,124.0,125.0,126.0,127.0,128.0,129.0,130.0,131.0,132.0,133.0,134.0,135.0,136.0,137.0,138.0,139.0,140.0,141.0,142.0,143.0,144.0,145.0,146.0,147.0,148.0,149.0,150.0,151.0,152.0,153.0,154.0,155.0,156.0,157.0,158.0,159.0,160.0,161.0,162.0,163.0,164.0,165.0,166.0,167.0,168.0,169.0,170.0,171.0,172.0,173.0,174.0,175.0,176.0,177.0,178.0,179.0,180.0,181.0,182.0,183.0,184.0,185.0,186.0,187.0,188.0,189.0,190.0,191.0,192.0,193.0,194.0,195.0,196.0,197.0,198.0,199.0,200.0,201.0,202.0,203.0,204.0,205.0,206.0,207.0,208.0,209.0,210.0,211.0,212.0,213.0,214.0,215.0,216.0,217.0,218.0,219.0,220.0,221.0,222.0,223.0,224.0,225.0,226.0,227.0,228.0,229.0,230.0,231.0,232.0,233.0,234.0,235.0,236.0,237.0,238.0,239.0,240.0,241.0,242.0,243.0,244.0,245.0,246.0,247.0,248.0,249.0,250.0,251.0,252.0,253.0,254.0,255.0,256.0,257.0,258.0,259.0,260.0,261.0,262.0,263.0,264.0,265.0,266.0,267.0,268.0,269.0,270.0,271.0,272.0,273.0,274.0,275.0,276.0,277.0,278.0,279.0,280.0,281.0,282.0,283.0,284.0,285.0,286.0,287.0,288.0,289.0,290.0,291.0,292.0,293.0,294.0,295.0,296.0,297.0,298.0,299.0,300.0,301.0,302.0,303.0,304.0,305.0,306.0,307.0,308.0,309.0,310.0,311.0,312.0,313.0,314.0,315.0,316.0,317.0,318.0,319.0,320.0,321.0,322.0,323.0,324.0,325.0,326.0,327.0,328.0,329.0,330.0,331.0,332.0,333.0,334.0,335.0,336.0,337.0,338.0,339.0,340.0,341.0,342.0,343.0,344.0,345.0,346.0,347.0,348.0,349.0,350.0,351.0,352.0,353.0,354.0,355.0,356.0,357.0,358.0,359.0,360.0,361.0,362.0,363.0,364.0,365.0,366.0,367.0,368.0,369.0,370.0,371.0,372.0,373.0,374.0,375.0,376.0,377.0,378.0,379.0,380.0,381.0,382.0,383.0,384.0,385.0,386.0,387.0,388.0,389.0,390.0,391.0,392.0,393.0,394.0,395.0
), .Dim=c(396, 1))
"itp" <- 0.0
"ncells" <- structure(c(0
), .Dim=c(1, 1))
"stslm" <- 78
"tml" <- 396
