"kin" <- 0.12520651022551227
"kr" <- -0.7837365744571062
"ki" <- 0.007997067221477095
"kpl" <- -0.683286214490878
