"kin" <- 0.14902633886434632
"kr" <- -0.6281843761765474
"ki" <- 0.11809313517854046
"kpl" <- -0.6543082635548463
