"Means" <- structure(c(8820.0,6679.6113809369335,6085.34276104217,5543.940987824324,5050.706454714651,4601.351494416243,4191.970632664722,3819.0066562706234,3479.2193777535813,3169.6572359123315,2887.6314642863417,2630.6926413594188,2396.609319273084,2183.3485913192467,1989.0584301508381,1812.0515324531975,1650.790704251848,1503.8754685906395,1370.02990777878,1248.0915810464817,1137.0014293500792,1035.7945816575498,943.5919744505452,859.5927212910232,783.0671586066218,713.350517417225,649.8371341969245,591.9752241835611,539.2620684577543,491.2396570641844,447.49071379450254,407.6350717708056,371.32637522193517,338.24907276176987,308.11567909855313,280.6642807717307,255.65625491467355,232.87420719539176,212.1200776223988,193.21342436599903,175.98985593780355,160.29960445533885,146.00622457221843,132.98540887512505,121.12390830422397,110.31854902195379,100.47533567816178,91.50863594402992,83.34043553171708,75.89966153623963,69.12156503318522,62.94715805676076,57.32270144705321,52.19923809811371,47.532167242908784,43.2808571439067,39.40829191997757,35.88074989793043,32.66751054781009,29.74058747905038,27.07448518589256,24.645977428640062,22.43390532662507,20.4189934103256,18.583682035539837,16.911974702008806,15.389298939362675,14.002379602853539,12.739123536247654,11.588514199403846,10.540515900451801,9.58598653774788,8.716597961958048,7.924763760769754,7.203573051176812,6.54673039277551,5.94850102050494,5.403660911103687,54719.99999999999,41637.154514847796,38012.20234081966,34702.843648381284,31681.602074427166,28923.393418193496,26405.31747901709,24106.46771135178,22007.757901369117,20091.763431635532,18342.576736978343,16745.675356652286,15287.801082096084,13956.849945264703,12741.771832602115,11632.478746128312,10619.760915755369,9695.210384904018,8851.151216993281,8080.575769666773,7377.086495051272,6734.842822846397,6148.512672438466,5613.228183014472,5124.545291324099,4678.406854766884,4271.10894223049,3899.2700956196886,3559.8032420728787,3249.8900732151997,2966.9576443010965,2708.6570288190997,2472.843781188009,2257.5601826164257,2061.018878193482,1881.5881895171044,1717.7784892346276,1568.2298331813392,1431.700662085158,1307.0575065314883,1193.2655819389083,1089.380184735671,994.5388655642187,907.9542560420806,828.9075356366836,756.7424680927359,690.8599460611191,630.7130201208951,575.8023572583772,525.6720962225892,479.906064997082,438.1243217731249,399.9800020111594,365.15643853508584,333.3645288621204,304.34034504051556,277.8429349842787,253.65232270241904,231.56768373975126,211.40567666673877,192.9989209404037,176.19460909804053,160.85323627809228,146.84744222770465,134.06095663057488,122.38762853699461,111.73055024978927,102.00124886333106,93.1189543548025,85.00992923162903,77.60685469638686,70.84827274028017,64.67807576127674,59.04504068028663,53.90240381551194,49.20747255938305,44.92127089440806,41.008216264019445,0.0,35.236368593567704,45.691829131233256,54.89544262159453,60.6334015056601,58.47254073393009,58.01878933665029,77.96847604344073,65.817079106368,66.85285223714767,56.22521647885181,68.02549926650137,66.02796955650194,67.81608001725664,58.98664014235656,64.02293875055217,58.91168296604978,55.830410842233405,55.96392176623054,47.76350381868915,44.86470858059339,53.65574063729616,44.07108537558642,39.04306065661523,42.918985623417676,38.74236000614428,33.27099378523524,37.12630490211768,33.59707469921747,30.154308323291914,28.13767668284625,27.166798713694348,22.00163206847689,22.32248529126422,18.65921328721787,20.769198555644863,20.768222144656747,18.302787079805096,16.22005473715319,15.660789327923935,14.469338079622965,13.197780445158294,10.808575742200949,11.27021670337789,10.5897511990584,10.233144951745833,9.162069089054407,6.846306617842002,8.100296026097586,7.601622625406008,4.757779664585219,7.184058809463879,6.622682348143259,6.799170781621378,4.100430700232083,4.312319353061631,4.433369279346116,3.2679031892487314,5.026996213312219,2.8802541029689723,2.3547684820427444,2.5196870899750596,2.1655719523342856,0.7183257473778997,3.2176224446557042,2.4040438881103086,1.7661456049093602,0.83949635721126,1.44455303600198,0.8421788556861272,2.8820437522435594,0.9874137008139434,0.5507761933665044,2.2124727437535583,-1.321567970458012,1.167084241082477,1.0102508567892259,0.3043778082126839,0.0,21.91728683680841,21.95829463866506,34.06536565868128,32.080525515046645,31.74531936535718,36.14125099224423,35.3145379867082,34.75480149096725,38.64579498941729,35.852101115643855,29.179911199988645,35.122782642734606,31.802693373854538,34.04481971360225,30.566453277443856,31.76233818727294,27.575392225804418,26.044585376972726,23.432698987931364,25.891332527530533,27.1346523326722,20.929953207910973,20.0386212765384,19.64875802478363,19.649971458731603,18.46706231421269,17.09858012327481,13.942069941043966,13.92553909281743,13.277178546025157,14.294378838899032,11.761937863885512,12.309606417329492,12.150122220954685,9.685589311134951,7.968100815594305,6.616205113980462,9.241810363296644,8.784825576496821,5.31959646615128,6.024579982981267,5.2134385738848135,5.796990939439157,5.351472888117801,4.4847460447107474,3.484161921978025,2.1171403992888083,3.978364315669356,2.016906865809271,1.935626135586212,2.249971837070049,3.130039029198175,2.3327486395099264,1.012043598981905,1.9992787045825335,0.18615916853859615,1.784949940711734,0.3330101511121062,1.9320678049949815,0.9235388224728732,0.39761434639651305,2.6461107247730515,1.4519357637571968,1.6196924909704986,0.5743909893095732,0.2456802469353503,0.128001868728005,-1.3478101210479296,2.983546550199663,1.8629511417648987,0.3837522015273652,-0.9825700445668115,2.413060710936552,-0.2044071302831778,0.8986924110988783,0.5812145636326113,0.7733476815077627
), .Dim=c(78, 2, 2))
"stsl" <- structure(c(78,78
), .Dim=c(1, 2))
"obSta" <- structure(c(1,2
), .Dim=c(1, 2))
"sts" <- structure(c(0,15,20,25,30,35,40,45,50,55,60,65,70,75,80,85,90,95,100,105,110,115,120,125,130,135,140,145,150,155,160,165,170,175,180,185,190,195,200,205,210,215,220,225,230,235,240,245,250,255,260,265,270,275,280,285,290,295,300,305,310,315,320,325,330,335,340,345,350,355,360,365,370,375,380,385,390,395,0,15,20,25,30,35,40,45,50,55,60,65,70,75,80,85,90,95,100,105,110,115,120,125,130,135,140,145,150,155,160,165,170,175,180,185,190,195,200,205,210,215,220,225,230,235,240,245,250,255,260,265,270,275,280,285,290,295,300,305,310,315,320,325,330,335,340,345,350,355,360,365,370,375,380,385,390,395
), .Dim=c(78, 2))
"obser" <- 2
"Y0us" <- structure(c(4900.000000000001,0.0,0.0,528.6092374258292,9439.968397400458,598.4884906461118,0.0,0.0,0.0,0.0,0.0,4900.000000000001,0.0,8820.0,30400.0,0.0,0.0,528.6092374258292,9439.968397400458,598.4884906461118,0.0,0.0,0.0,0.0,0.0,30400.0,0.0,54719.99999999999
), .Dim=c(14, 2))
