"kbnE" <- 1.2426476802231263
"LDH" <- -1.1897634829888768
"kin" <- 0.1988950604536753
"ki" <- -0.0024058234593204416
"kunE" <- 1.5753371969147711
"kpl" <- -0.6441128125722617
"NADH" <- -1.3687870379565887
"kup" <- 3.385047587081966
"kbp" <- 0.13083214970413637
"kr" <- -0.1936174921690177
"NAD" <- -0.5349042843985768
"kun" <- -1.1563216701161445
"kbn" <- 0.8380150032950735
