"Means" <- structure(c(1080.0,813.6774085992258,737.2789064895593,666.77101526418,601.8762891501473,542.2844823554007,487.6687658420174,437.6975288505946,392.0427726418953,350.3859182234653,312.42167787868414,277.8604966548215,246.42995239521878,217.87541101943543,191.96016263145123,168.46520975641647,147.188837289731,127.9460602423342,110.56801447602611,94.90132039742988,80.80739934723817,68.16164897990464,56.85229444822193,46.77867658010762,37.8488227631658,29.976465066593533,23.078126548560867,17.07113687888459,11.873145538011574,7.403017871118993,3.5824486181438324,0.3375542797615153,-2.4000024232163333,-4.692458656915045,-6.595865697408744,-8.16031140869649,-9.4303128901603,-10.445284561256699,-11.240024057557282,-11.845185048418807,-12.28772051926968,-12.591290900984003,-12.776632906729375,-12.86189312567436,-12.86292599161247,-12.793559960014766,-12.665834399262675,-12.490210713943682,-12.27575936148721,-12.030325458203142,-11.760676594110517,-11.472633137803033,-11.171184083005148,-10.860588787576654,-10.54446792766807,-10.225883458859574,-9.907409338448787,-9.591194051487662,-9.279015710160174,-8.97233073385237,-8.672316753084885,-8.37991028684171,-8.09584004671445,-7.820656142183504,-7.554755702473744,-7.298405368108887,-7.051760992162716,-6.814884846097105,-6.5877607101991185,-6.370306940198099,-6.162387873081019,-5.963823812091304,-5.774399495083824,-5.593871570618969,-5.421974989219152,-5.258428435111783,-5.102939116017177,-4.955206675303995,4140.0,3123.5839005816597,2836.317095500043,2574.4050104222247,2336.4001402364993,2120.3430933802147,1924.2432808121348,1746.257704947727,1584.7106082439802,1438.0820377123582,1304.9935249569344,1184.1946788049743,1074.551067380833,975.0332829636869,884.7071185934918,802.724670571438,728.3163116129762,660.7834266784382,599.4918319554531,543.8658157535722,493.38273735199647,447.568117734738,405.991212035915,368.2609639601921,334.02235017575293,302.9530615594986,274.76049699854923,249.17901556599313,225.96746005603202,204.90690157904749,185.7985924672605,168.46210917444,152.7336646779607,138.4645771233237,125.51987905047332,113.77705415265089,103.12489103900087,93.46244180217022,84.69807666309265,76.74862589851386,69.53860034399332,62.999483469215924,57.06908905454466,51.69097757819608,46.81392533783936,42.391446314674674,38.38135242379901,34.74535881553462,31.448722304184393,28.45991567073075,25.75033046800438,23.294007490109127,21.067392228271483,19.049112984084655,17.219778517563668,15.561796068375426,14.05920400907373,12.697521753469628,11.463612571867158,10.345559337111661,9.332551639602618,8.414783341000788,7.583359650875813,6.830212731765486,6.14802502170439,5.530159754607222,4.970597752152373,4.463880400893995,4.00505745998752,3.5896399858349164,3.2135574278810513,2.873118889081902,2.564977826521548,2.2861000466070767,2.0337346969845154,1.8053879129411965,1.5987989204772204,1.4119183499163261,0.0,8.699028312906792,13.498284185955193,19.021345335489748,24.04912651768383,26.064611776234013,28.664612222407836,42.2405410723531,38.77463819186556,42.5445039602586,38.44599850965769,49.76278622564944,51.490505135627835,56.2101279443534,51.837070901493206,59.52637025986804,57.84503686802426,57.798821420128434,60.99455767147256,54.7261929987094,53.96387108227846,67.65041452642811,58.152502631683205,53.82075471536015,61.686951972458886,57.93418922432479,51.6450322505915,59.68202787159732,55.80363642427494,51.636752857716026,49.57571063139297,49.15857079946635,40.82204396245623,42.408049764270885,36.252179906485715,41.22304454944001,42.073808157716726,37.8177689236647,34.1606659075,33.60174691077379,31.61512224261338,29.306588766697946,24.729986108465916,25.847046034759966,24.60936804938389,23.880579103497777,21.928860837273398,18.166728015249213,19.780702104512528,18.742575143019913,14.731189633900275,17.388615005505113,16.284630407839355,16.00880159202287,12.782641020282824,12.615996741225578,12.37126386099912,10.859395079694579,12.290776342432203,9.834290437988717,9.016284799906778,8.90515215360117,8.290697292138251,6.598070464158069,8.866203696520653,7.834951923895626,6.992162373884082,5.87271687289327,6.296408787083926,5.52346270071455,7.402935834126073,5.35750778053644,4.779106429090323,6.307540303987428,2.648231458031083,5.019129393663783,4.751600188321373,3.9416589933713406,0.0,28.402387874568813,41.58688179278032,54.0678782934131,62.77345994144489,62.550067559656036,63.49125733569926,86.74855167781669,74.15412871648036,76.06304830473131,64.47456082462836,78.50619825498946,76.60553989349218,79.03115295744524,69.00245768439771,75.13838822007635,69.33576381267835,65.87256485534796,66.17511761718322,56.58896797250038,53.247933422733716,63.782815290798894,52.464994510022514,46.541093833392196,51.224250786894316,46.29234847814921,39.79746469829709,44.45417894641819,40.267336370382196,36.17468943465114,33.78584587101521,32.64875479848924,26.464166302390545,26.873081762127683,22.48221145418425,25.045976156898586,25.06653582537907,22.11035334152258,19.612064189401174,18.953465609225002,17.52836817687671,15.976563693657187,13.259595394473958,13.632976848439176,12.798089196045915,12.2971366003333,11.091119228879055,8.649313343340948,9.785662879415602,9.177273036724005,6.231173117821898,8.56220824285404,7.912172426424844,8.006176713879936,5.2307373150171586,5.37134023696909,5.426165765336273,4.199203069811601,5.90121205407595,3.7015010623627083,3.1268815656235716,3.246237786731943,2.849884217970781,1.3634913080407904,3.826515401215453,2.9793346216637713,2.3103139797179617,1.3548442466088986,1.933216154567076,1.306137942056285,3.3231351053247016,1.4073390978872733,0.9511122134077189,2.594679512606359,-0.9561385758082699,1.5169875710653398,1.3457860499241976,0.6266161268134083
), .Dim=c(78, 2, 2))
"stsl" <- structure(c(78,78
), .Dim=c(1, 2))
"obSta" <- structure(c(1,2
), .Dim=c(1, 2))
"sts" <- structure(c(0,15,20,25,30,35,40,45,50,55,60,65,70,75,80,85,90,95,100,105,110,115,120,125,130,135,140,145,150,155,160,165,170,175,180,185,190,195,200,205,210,215,220,225,230,235,240,245,250,255,260,265,270,275,280,285,290,295,300,305,310,315,320,325,330,335,340,345,350,355,360,365,370,375,380,385,390,395,0,15,20,25,30,35,40,45,50,55,60,65,70,75,80,85,90,95,100,105,110,115,120,125,130,135,140,145,150,155,160,165,170,175,180,185,190,195,200,205,210,215,220,225,230,235,240,245,250,255,260,265,270,275,280,285,290,295,300,305,310,315,320,325,330,335,340,345,350,355,360,365,370,375,380,385,390,395
), .Dim=c(78, 2))
"obser" <- 2
"Y0us" <- structure(c(600.0000000000001,0.0,0.0,450.0,12599.0,226.0,0.0,0.0,0.0,0.0,0.0,600.0000000000001,0.0,1080.0,2300.0,0.0,0.0,450.0,12599.0,226.0,0.0,0.0,0.0,0.0,0.0,2300.0,0.0,4140.0
), .Dim=c(14, 2))
