"kbnE" <- 0.9225363845363385
"LDH" <- -1.1941073973255358
"kin" <- 0.15985969184336468
"ki" <- -0.2079010891242528
"kunE" <- 1.8281225589281143
"kpl" <- -0.6588367293293181
"NADH" <- -1.4057903913795005
"kup" <- 3.641271746114238
"kbp" <- 0.8143480750880763
"kr" <- -0.33015472794234396
"NAD" <- -0.10712793817322136
"kun" <- -0.863689290388533
"kbn" <- 0.9688165413375922
