"kin" <- 0.10026611815008038
"kr" <- -0.8714169840276086
"ki" <- -0.00607198574282001
"kpl" <- -0.6807043191062653
