"Means" <- structure(c(24839.999999999996,18883.60243294729,17233.6669664609,15727.896500458013,14353.693791871125,13099.562426503904,11955.01065371198,10910.463606276395,9957.183100035372,9087.194542496243,8293.220175111865,7568.618176462733,6907.32709257175,6303.815113717975,5753.033789727532,5250.375824403876,4791.636403843415,4372.978205016558,3990.8991841645316,3642.203277597355,3323.9736796893944,3033.54844632141,2768.498220758805,2526.605911350337,2305.848144162066,2104.3783366228695,1920.5112499288841,1752.708891509986,1599.5676491258785,1459.8065480742507,1332.2565393544603,1215.8507166925249,1109.6153925214155,1012.6619533537438,924.1794264055692,843.4276956969427,769.7313111015504,702.4738382519107,641.0927019794449,585.0744805074048,533.9506108304271,487.29346596236843,444.71279156970553,405.8524194035794,370.38730425883745,338.02080138148875,308.48218293495745,281.52437546992417,256.9218925378391,234.46894870029666,213.97773812615193,195.27686375114467,178.20990368239518,162.63410263761008,148.41917792637597,135.4462297060866,123.60674645204973,112.80169731757901,102.9407037970751,93.9412837628882,85.72816155204345,78.23263833216092,71.39201747870943,65.14908015989944,59.451606730453626,54.251939886889346,49.50658621207237,45.175852382575094,41.22351314312406,37.61650803556144,34.324664878079126,31.320447782248355,28.57872678953072,26.07656741603898,23.79303898509563,21.709039494676936,19.807135891896277,18.071418218263812,1439.9999999999998,1085.0130147351908,983.2684319584395,889.4278052086725,803.1195231153486,723.9266550123541,651.4102391255542,585.1263728517114,524.6385825905558,469.5267434374689,419.39356718517814,373.8693373244834,332.61498413404684,295.3225870858693,261.71135396187776,231.51784528253572,204.48339139406488,180.34594793725964,158.841285974451,139.7108950072323,122.71033763012738,107.61434492390858,94.21852212732155,82.33895132593936,71.81082659890878,62.486765930124754,54.23509747312017,46.93824071167967,40.49122398625901,34.800345439083344,29.78197188512573,25.361464885059796,21.472221407729954,18.054817776669363,15.056244961125762,12.429226004442226,10.131606445508407,8.125809689506541,6.378350081982795,4.859397708544921,3.542389232671604,2.4036798359200646,1.4222318863337262,0.5793363966162106,-0.14163612403728545,-0.7554586514299065,-1.275247054968126,-1.712638502809753,-2.0779512432538594,-2.380327275384273,-2.627860076779347,-2.827708940965365,-2.9862008900661916,-3.108922119193318,-3.200799516067701,-3.266173709672526,-3.3088640581460873,-3.3322268843356646,-3.3392073904869797,-3.3323860018182403,-3.3140196808078297,-3.286078997192427,-3.2502808137719335,-3.2081177029290497,-3.1608839597984644,-3.1096989160433224,-3.0555275834085878,-2.999199060525431,-2.941422884111945,-2.8828035261373044,-2.8238533287278806,-2.7650038842184976,-2.7066162427941203,-2.6489898522553337,-2.592370512264597,-2.5369574039386356,-2.4829093038728804,-2.4303500600443626,52919.99999999999,40266.611334678426,36760.68596720409,33560.0171086814,30638.026090340125,27970.448485915746,25535.13261160171,23311.855552540164,21282.155211533987,19429.177007194026,17737.53390304488,16193.178621674546,14783.286939179043,13496.151296708018,12321.083488578513,11248.325928672093,10268.970620763985,9374.885183446817,8558.645316838818,7813.473151852858,7133.1809848967705,6512.119833207441,5945.132518460736,5427.510983514889,4954.957075186383,4523.5468855177005,4129.698109484379,3770.140381585851,3441.8880516128615,3142.2154472142947,2868.6342362336354,2618.872701954264,2390.856937354572,2182.693605869136,1992.6542192202655,1819.1607846121035,1660.7727013335011,1516.174798213694,1384.1664126074102,1263.651420410796,1153.6291341417143,1053.1859932615564,961.4879782798932,877.7736852762149,801.3480032651478,731.576341503446,667.8793627002332,609.7281721560585,556.6399198647324,508.1737995290514,463.92738093327995,423.5332739753259,386.6560754937934,352.9895845869079,322.25426016378293,294.19489958621125,268.5785197080285,245.1924217566316,223.84242669833907,204.3512613505643,186.55708665484545,170.3121543665145,155.48158057772036,141.94222509840307,129.58166883715222,118.29727832902392,107.99535864884285,98.59037186571504,90.004225888694,82.16562942563665,75.00949755678394,68.47641193293883,62.512127553517516,57.06712214308709,52.096185114317144,47.55804210009123,43.415012265162474,39.632695420174876,0.0,27.176655798480777,33.52736402764445,39.18667614099512,42.54001299998805,40.54208147659255,39.885436053032336,53.25633448112774,44.7320568466488,45.25522052501899,37.93771368720621,45.776873223926934,44.33267283591092,45.44615459210041,39.46423596992081,42.77261423351097,39.308731581764185,37.211702359256314,37.264123344334564,31.77585725344153,29.823698120517932,35.64181209167406,29.255720772004967,25.90221027094431,28.457535093008097,25.674660530448115,22.03781542765751,24.57987408015776,22.23327973561016,19.9463172825166,18.60451462708492,17.955159431159977,14.535463776042183,14.741473311904235,12.317310662156718,13.735036378895582,13.888674473460702,12.23985058501908,10.770103496767772,10.556624349191559,9.779941974624448,8.851313530124564,6.7646903922431365,7.509318762881611,7.09328037719412,6.983552235697297,6.1427893406203395,4.041727458150595,5.495723919191735,5.183247007195787,2.5126357607919534,5.099989685942658,4.688300686130825,5.003820759100177,2.434150283776208,2.765803267139144,2.997932852378557,1.935447236455203,3.7899730804471767,1.7316349579011727,1.288011918619996,1.5287090842272169,1.2447171920806002,-0.13765965962213067,2.4216279976249195,1.6635129380679612,1.0768783774767807,0.19759881671491109,0.8464161845268185,0.2844592454943261,2.361645162021107,0.5014699285919324,0.09663491863617957,1.7876803997481105,-1.7192803506538517,0.7943542204122963,0.6605645867974931,-0.024055868831329374,0.0,11.823621578297942,15.052089180032683,28.25276658413823,31.017714572779774,34.89096999023454,44.345264675248586,47.72469128671853,51.193946506068286,61.532603329905506,61.28184940965994,53.22899317200461,68.01163030827843,65.04100004864642,73.16887381998279,68.689250062158,74.26320855218411,66.76761691574498,65.02880620963326,60.11096510049682,68.02482809061819,72.82410041756275,57.253210637873096,55.76726563760298,55.54634063006874,56.35438392124436,53.67048005158389,50.311997694854036,41.50291436338508,41.910602457647435,40.378133712382194,43.68080184596915,36.51972718050103,37.90207542363583,37.125667129506695,30.856295915300812,26.711236913946344,23.601191854813294,28.309566112005804,26.727958378536492,20.086391617473886,20.708326627495875,18.872442934118226,19.07957328117521,17.80539867582176,16.06765243064637,14.295990228858068,12.26644693715798,13.655113683661233,11.122426859984992,10.506844329599508,10.320946632209958,10.732999523780794,9.498140832259514,7.768584287253058,8.374015197911225,6.204533158055969,7.470864187651213,5.708896862133929,7.018957755566599,5.741130466160203,4.96434226026166,6.979212915385357,5.567519416304614,5.532797848110931,4.299053136646322,3.794988611649745,3.51415732406715,1.8865593665544051,6.076715193394729,4.824771819920151,3.2233926313505687,1.7434172700978217,5.033323626735888,2.3175014893802217,3.3290957377681134,2.9264758057353584,3.039377434696164,0.0,20.54768622656945,24.719492866948517,31.00405911920474,31.2993989803749,35.08292335231867,33.49866072902017,32.68526937021212,42.591882254967935,34.71924035209302,34.07002218895072,28.701129020997797,32.32464276256741,33.68745832526549,30.491217879433815,27.348283217288085,28.905090828720162,28.599532341685705,26.317952045447186,28.941413757868574,24.306352244917623,26.491921223209193,21.41720434781383,18.070680638996638,18.121811929658485,20.706635394398674,17.583850602584246,14.732760327446638,14.603146687568854,14.39692105883136,14.110438419188204,12.860446095838876,11.214768199247457,11.600197582176435,11.363254561587063,9.606055869306209,9.525255180447195,7.5838266977428255,8.230153116430918,6.8515944673922995,5.784808021426362,6.77920990441367,