"kbnE" <- -0.436542254984593
"LDH" <- -1.6050847897935645
"kin" <- 0.1647381224702686
"ki" <- -0.03284644383442728
"kunE" <- 0.4693040252470954
"kpl" <- -0.6729031788070401
"NADH" <- 0.47012205339978813
"kup" <- -0.37836415595512235
"kbp" <- 0.5146315992750295
"kr" <- -1.446883193432312
"NAD" <- -1.3099520065016237
"kun" <- -1.5033430379973596
"kbn" <- 0.8876219640250976
