"kin" <- 0.6109327888193451
"kr" <- -1.4482758183043418
"ki" <- -0.5262866960841843
"kpl" <- -0.7097446868094013
