"Means" <- structure(c(2160.0,1627.9138756039592,1475.7509748728687,1335.6595093143676,1207.1053696878412,1089.5001587462293,982.2485658717989,884.7695047442656,796.4743143023693,716.7210954383365,644.8069475685793,580.0124985447709,521.6500948367328,469.08690309443875,421.7493042589066,379.11991140169494,340.73268556170416,306.1679274181229,275.0476221524275,247.0312257446404,221.8118888551904,199.11307199391283,178.68551629583476,160.30452695557554,143.76753610720274,128.89191400347224,115.51300103550051,103.48233842654474,92.6660739414395,82.94352750251898,74.20589807817551,66.355099076152,59.30270786671302,52.969018747663576,47.282188703780925,42.177467369755696,37.59650146746485,33.48670841405568,29.80070939440801,26.495820513278698,23.533591321936647,20.879389216239115,18.502023965899824,16.37340986332135,14.46826011916246,12.763811303327081,11.239574718480982,9.877111921458667,8.659832431442839,7.572811079428182,6.602623257463772,5.73719636399675,4.96567570101025,4.278303731622027,3.6663107464667037,3.12181674048095,2.6377428071675086,2.2077311335812486,1.8260729527023085,1.4876435800724095,1.187843884810572,0.9225475310390924,0.6880534279392768,0.4810429001250718,0.2985411004563689,0.13788225317090974,-0.003321648516857017,-0.1272090297888349,-0.23569411200191573,-0.33048974594375946,-0.41312803271010834,-0.4849787179230146,-0.5472659410369605,-0.6010831393827745,-0.647406596193724,-0.6871074847274874,-0.7209628105068185,-0.7496651411916883,899.9999999999999,678.0329607083837,614.333735157116,555.5299316721683,501.39123419340933,451.66059306122077,406.06735944010313,364.33685395060235,326.19719032318625,291.3840116130678,259.6436568956451,230.7351612821581,204.43139610442176,180.5195845904738,158.8013705478143,139.09257399753122,121.22273342950609,105.03450905868792,90.3830023744848,77.13503214326614,65.16839579073046,54.37113757571618,44.640837932588205,35.88393483505821,28.015081297654003,20.95654631236891,14.637657518654589,8.994285584745693,3.968365909080684,-0.492550172545393,-4.435727238102792,-7.903678594988526,-10.93462270313801,-13.562986950840461,-15.819975800778414,-17.734201845034214,-19.332348720483814,-20.63980248271654,-21.681168918819647,-22.480603352165105,-23.061917890818087,-23.448484647781626,-23.662998260966948,-23.72717966820774,-23.66149450834248,-23.484934143558608,-23.21487928772193,-22.867044550062325,-22.455490341672128,-21.992684239908503,-21.489594953728062,-20.955804895151736,-20.39963107446638,-19.828247064780673,-19.247801658843816,-18.66353063043208,-18.07986105214281,-17.500506780460803,-16.928555232703836,-16.36654561437015,-15.816539066353545,-15.280181346621657,-14.758758520560862,-14.253246344765321,-13.764353947090775,-13.292562285842548,-12.838158193094761,-12.401263931535246,-11.981863175213867,-11.579824143834593,-11.194919191224361,-10.826842171287888,-10.475223462566452,-10.139642929780905,-9.819641144200375,-9.514729022016878,-9.224396098678305,-8.948117585882335,14939.999999999998,11342.054434148045,10345.306964393096,9436.157721202919,8606.907005195273,7850.531997935779,7160.627468636735,6531.351396428616,5957.375379994819,5433.839431835621,4956.310765054569,4520.7462192111425,4123.457994866551,3761.0824091206327,3430.5514004779225,3129.066541708162,2854.075345398224,2603.249610506866,2374.4657715943486,2165.786868815852,1975.4461604780563,1801.8321554277466,1643.474977858748,1499.033918674576,1367.2860875749784,1247.1160559163143,1137.5064135782259,1037.5291565511554,946.3378271578198,863.1603514710571,787.292501326857,718.0919312350441,654.9727427651326,597.4005256162976,544.8878299841659,496.99003755321127,453.3016022099689,413.4526155006566,377.1056748267292,343.95302652317565,313.7139611332366,286.132436943332,260.9749130446275,238.02836820448837,217.09850519394797,198.0080963772748,180.59548988647768,164.71323916940685,150.22685535858673,137.01366755970915,124.96178522359462,113.96915001430354,103.94267339411232,94.79744576381367,86.45602021405196,78.84775521303578,71.90821736525179,65.57863562452624,59.80540364586102,54.539626177027785,49.73670461275552,45.35596009211409,41.36028835329816,37.71584640723617,34.39176473043737,31.359887180713,28.594531451188324,26.072272947572024,23.771745341816413,21.67346019302192,19.7596417280772,18.0140764178016,16.421975652044793,14.969850525280194,13.645397622855523,12.437394847871541,11.335606375245604,10.330695984337735,0.0,16.621551368309532,25.79218477052254,35.88085138451784,44.722733860823794,47.696861773936206,51.474735692123375,74.14890753023391,66.22413495927229,70.36872410051312,61.345728265859236,76.39039135674867,75.90623547983202,79.48671100558619,70.26940449266057,77.3278104329211,72.00234260743751,68.94218698444546,69.73371462847858,59.99317914295106,56.75584613392525,68.31464721966343,56.43987956776205,50.268459490690866,55.5315832940508,50.35751776636142,43.43154156789948,48.6605893514014,44.20452498933626,39.82116587698995,37.2903362467894,36.12826018971122,29.35842652613972,29.886099910148115,25.064459450464973,27.991225416467202,28.08318476876902,24.83277892165506,22.082379944465938,21.39563166514803,19.838935972465777,18.131453277295282,15.089999105319176,15.559731304058829,14.61913583288323,14.007125250670132,12.720129500576546,10.20168732141814,11.26560978515451,10.588855399441847,7.578296941743972,9.848616508584172,9.14144136076361,9.181714328594628,6.35578380752482,6.448969882237605,6.459290011127192,5.190574570434025,6.853429428697562,4.617014196305117,4.0079972987882515,4.095125866683089,3.668583405900591,2.1539155525765845,4.590460014249489,3.7184823926023682,3.0262411880413227,2.0490265176204003,2.6070341556532193,1.960882885648723,3.960014027846386,2.0274799485664627,1.555568695623172,3.18443571212017,-0.38016381092148954,2.080038683308617,1.8967141608870668,1.1661684890635848,0.0,7.9745130779421505,11.494055577501879,15.904978347842713,20.169647786165594,24.704538251633103,25.754221415140513,27.11900622971396,41.556324509306414,44.376319336619574,32.49130324237764,40.85519824776828,41.67450610949508,49.7694238955883,49.92697657168485,48.4558755307687,49.33058232322214,47.19398539740871,53.691063086349374,47.13810524796941,52.11702074303457,52.84107121911975,49.993346260919736,53.262464113275044,49.63494302104796,50.69148458147281,48.79782861777375,47.99610166452653,48.281520809697156,50.35156427239613,47.51632415216228,45.68191121445652,48.519505923414535,44.99071937291756,46.07219899397886,44.41854412304017,40.60098650403163,41.704314809021184,40.47984335273443,37.09564529114758,34.64114699770446,33.0966253395092,34.12542255947808,35.2296803427903,32.38378193687013,31.138587863619236,27.463361049676664,27.75014876681736,28.174716814055955,27.102046716896766,23.635962754676328,26.046943109026195,19.45245148194925,18.119109267772835,20.60781808330807,17.752710483178376,17.96079965790367,13.796359097096651,16.973809528690126,14.696076377552838,14.813088994233386,16.4457177061671,15.095496409517189,12.582850476939258,12.345308995259638,12.328719123104202,12.877851409066794,12.771881520666161,12.744497064142141,9.761194852612395,10.403084844443336,10.615305452863973,8.294689567431432,9.440836846248073,8.253468419968126,7.229751837862597,9.272767063648786,7.737668152460629,0.0,34.037529602427796,39.93515927075107,45.00070894024383,55.66667780422622,50.423435114789655,55.86944079344823,54.669233763617896,54.83093988788378,50.53916896102032,65.22230654705672,56.91996308650595,57.646919157050746,53.1541309953323,59.67560861586476,45.608307705614635,47.00072340105444,40.059070844222056,45.4456233157013,41.66858235941365,38.77202275790218,32.23217198594499,40.54683123842599,36.177926009605436,31.00495811296204,30.991755874436173,28.64672168833265,28.10601536551132,26.588686008988518,23.38513524266943,23.27355756727984,21.02877571350581,18.881197008555507,16.171674797282577,17.781048638382394,15.436426003292734,13.549778822680075,13.859394016916417,12.711111100933426,12.238667294563403,11.810427494528744,10.088740923223792,