"kbnE" <- 0.7244966741343767
"LDH" <- -1.5319026664393065
"kin" <- -0.26006755319722025
"ki" <- 1.8277246919705015
"kunE" <- 2.734488559250024
"kpl" <- -0.6619663656509721
"NADH" <- 1.6425100168464801
"kup" <- -0.7971593359075803
"kbp" <- 0.724730637532797
"kr" <- -1.3894524563805184
"NAD" <- 1.2619259007189692
"kun" <- 1.9160815426064723
"kbn" <- 0.42381947563376293
