"Means" <- structure(c(899.9999999999999,678.0329607083837,614.333735157116,555.5299316721683,501.39123419340933,451.66059306122077,406.06735944010313,364.33685395060235,326.19719032318625,291.3840116130678,259.6436568956451,230.7351612821581,204.43139610442176,180.5195845904738,158.8013705478143,139.09257399753122,121.22273342950609,105.03450905868792,90.3830023744848,77.13503214326614,65.16839579073046,54.37113757571618,44.640837932588205,35.88393483505821,28.015081297654003,20.95654631236891,14.637657518654589,8.994285584745693,3.968365909080684,-0.492550172545393,-4.435727238102792,-7.903678594988526,-10.93462270313801,-13.562986950840461,-15.819975800778414,-17.734201845034214,-19.332348720483814,-20.63980248271654,-21.681168918819647,-22.480603352165105,-23.061917890818087,-23.448484647781626,-23.662998260966948,-23.72717966820774,-23.66149450834248,-23.484934143558608,-23.21487928772193,-22.867044550062325,-22.455490341672128,-21.992684239908503,-21.489594953728062,-20.955804895151736,-20.39963107446638,-19.828247064780673,-19.247801658843816,-18.66353063043208,-18.07986105214281,-17.500506780460803,-16.928555232703836,-16.36654561437015,-15.816539066353545,-15.280181346621657,-14.758758520560862,-14.253246344765321,-13.764353947090775,-13.292562285842548,-12.838158193094761,-12.401263931535246,-11.981863175213867,-11.579824143834593,-11.194919191224361,-10.826842171287888,-10.475223462566452,-10.139642929780905,-9.819641144200375,-9.514729022016878,-9.224396098678305,-8.948117585882335,3239.9999999999995,2443.0994007048735,2216.4181524388737,2008.7774603565238,1819.5344810143692,1647.7091066059845,1491.9847288526423,1350.9293973461315,1223.173422858936,1107.4626620007218,1002.6601691830951,907.7370005321627,821.7620203753413,743.8924199792185,673.3651569804059,609.4892665693102,551.6389501287608,499.24735927333427,451.8009918345546,408.83463690958064,369.92681025419233,334.6956283635691,302.7950788355687,273.91164471525906,247.76124931202193,224.08649150031596,202.65414124450376,183.25287145145703,165.69120318574656,149.79564457640635,135.4090040828972,122.38886294178877,110.60618808990297,99.94407896393385,90.29662951605056,81.5678970378184,73.67096834435807,66.52711229335003,60.065012341299564,54.22007103390581,48.933778800963694,44.15314304169929,39.83016985808229,35.92139468303656,32.38745643992774,29.192711979885804,26.304886511938932,23.694756813591383,21.33586412645879,19.204253803904653,17.278239657268582,15.538190313945863,13.966335620462225,12.546590614014315,11.264397320503235,10.106580298320724,9.061216102763511,8.117515093612976,7.265714286713259,6.496980288079787,5.803321091783543,5.177507076565692,4.612998178797337,4.103878736999927,3.6447984546176566,3.230918628364597,2.857863620636215,2.521676870074973,2.218781074355884,1.9459421201123588,1.7002364271939998,1.4790213797447005,1.2799085541254975,1.1007394821780048,0.939563709035595,0.7946189305772605,0.6643130143079368,0.5472077252102789,21599.999999999996,16415.723285360484,14979.708332169834,13669.316713475146,12473.558047746947,11382.403565339793,10386.70203284859,9478.102915160034,8648.986297772946,7892.398952291162,7201.995972331848,6571.987558161998,5997.090398903936,5472.483423396278,4993.767315409451,4556.927615396704,4158.301056671067,3794.544841596553,3462.6085885306525,3159.7087810230314,2883.305398278284,2631.080612589066,2400.919360022299,2190.8915992314337,1999.2361186664762,1824.3457908024322,1664.7540624859757,1519.1226750514838,1386.2304366226447,1264.9629795399155,1154.3034212398732,1053.3238176700445,961.1774295775162,877.0915592329341,800.3611123902188,730.342672367491,666.4491052627495,608.1446379321362,554.9403642240727,506.3901449675119,462.0868667036274,421.65903285262596,384.7676385332907,351.1033325285832,320.3838279093096,292.3515289931374,266.77137337111157,243.42886112634804,222.12825535537416,202.69094080793133,184.95392685816918,168.76848157479208,153.9988822938297,140.52127798150073,128.22265177546265,116.99987332101261,106.75883290152579,97.41365338447024,88.88596952311212,81.10427106586948,74.00330297770329,67.52351850990993,61.610579607632,56.21490139942258,51.29123640008588,46.79829510362164,42.69839976471465,38.957168462613566,35.5432267991319,32.42794481854114,29.58519695709279,26.991142939297905,24.624027836235324,22.463999873415702,20.492943604208822,18.69432868059691,17.053070097990236,15.555402806404718,0.0,7.328105734524211,11.356890777221752,15.96600062893012,20.214307597879397,21.938781917789598,24.160501528398328,35.6522284716581,32.772108885346846,36.008620686907136,32.586211279018194,42.24043701722738,43.77468271736335,47.86586557625058,44.22072005044868,50.879912855867595,49.551455532603136,49.63583143844943,52.53221692504227,47.29458448256875,46.826172201419006,58.992060780252466,51.014439110079444,47.560638749291655,54.997845976193545,52.20597398940842,47.129535681569756,55.26625355063541,52.53913613449856,49.51912404369555,48.50332049083348,49.13254651387798,41.723785749381946,44.35834867109834,38.82278888747586,45.20419116722682,47.236640959542555,43.45393323333342,40.14896808129897,40.36490484349923,38.78466824302812,36.681874218106,31.551085386043457,33.5805083067585,32.52767015463578,32.083295168789654,29.91965683482764,25.151846019171884,27.768704516263462,26.65960042371657,21.216944657944,25.34311197225872,24.003223335464007,23.851178215929764,19.2401236173521,19.1831223367594,18.929268416108677,16.92675026538849,18.73275081141506,15.611866092724581,14.582261301703287,14.357705742100578,13.566929152816344,11.710121891074305,13.813496814933348,12.614883389519257,11.610320882322712,10.334860973160998,10.608395644807073,9.691188529827658,11.432286106896122,9.254316278175555,8.54912156170035,9.95639798498729,6.181433507544828,8.442026667362176,8.069379819594872,7.159335045531257,0.0,24.435700721903373,30.400559638613057,54.817594152451264,57.34749884597834,61.058029837749466,73.20458434491847,74.28537581810836,75.22790178375274,85.53415703152675,80.77481262620448,66.7019708080885,81.2566444005423,74.32223622929355,80.24896422318831,72.58520694692183,75.91219062599441,66.27888644322351,62.91355941647534,56.857700071713275,63.07642644075544,66.34676320652298,51.346363878226924,49.310585291965715,48.48882022591178,48.62074819988961,45.80820599820096,42.514360083068034,34.744637541381636,34.77935903519428,33.230499539328655,35.665234920520206,29.59289989697581,30.489089446584458,29.653116238870357,24.475254558894008,21.04355421022238,18.468780567532118,22.005882408255992,20.638610146463005,15.407072100683697,15.777878015417473,14.281935361394966,14.339748945504642,13.297902369455967,11.890152976730178,10.384339529795618,8.545882328465606,9.96752593283928,7.596472731673834,7.133781922002026,7.093179245033934,7.643112500556251,6.538932859154485,4.933090928872841,5.655525905907512,3.596602837298425,4.967320219726504,3.3038423811657367,4.706771849395788,3.5164658305536474,2.822120929821905,4.91462031244324,3.5759971767800565,3.6100357099996874,2.440980118448585,1.9977637037110263,1.7741598663375973,0.2003792602640364,4.441143055667773,3.2367892017243918,1.6801623427248038,0.24227392218942145,3.5717644012561385,0.8931771882024576,1.9398021410039794,1.5701453594079997,1.714071280354837,0.0,27.253043513862835,33.26493516959432,42.0731031236879,42.705437825716636,48.0500060111453,46.00876163740663,44.98787845141097,58.722436840703345,47.93362554744302,47.09025008943792,39.706983789155,44.75583059712462,46.6749334276268,42.27183365488448,37.93463285854589,40.11289587952473,39.70556090803336,36.5518778028118,40.209431981419655,33.78052384904291,36.82885780933949,29.78223370047672,25.13515810823082,25.21247799265026,28.815457318950862,24.47531302354549,20.511327388007448,20.335241087952316,20.052305624526404,19.65740847563877,17.919085885783463,15.74001272318881,16.086431960695627,15.577045868412377,13.456701110130535,13.120293935087739,10.9350563378722,11.35224141335893,9.758584312322398,8.490106792081093,9.295586217332986,