"Means" <- structure(c(2339.9999999999995,1763.6980043348744,1599.0053250637632,1447.471448434075,1308.5383863865206,1181.5994530150463,1066.0401012970815,961.2211145076226,866.422076151184,780.8322284202196,703.6129442640013,633.962001352031,571.1419187280864,514.484363714524,463.38617188268677,417.30351096074395,375.74606607108626,338.27168706554767,304.4815647268594,274.0159033786301,246.55005020782343,221.79101914016647,199.4743741013576,179.3614277846782,161.23672247728507,144.9057624115645,130.19297117648,116.93985096184174,105.00332234650307,94.25422788467257,84.57598042150029,75.86334402732948,68.02133367467898,60.96421904177569,54.614631988913466,48.90275215360242,43.76557632421832,39.14625736576122,34.993506625610856,31.261055247099247,27.907165262757772,24.89419200789284,22.188184168300953,19.75852600927999,17.577611745501425,15.620553169799306,13.864914712851265,12.29047436721778,10.879007627993497,9.614092413632854,8.48093290062714,7.466200614875819,6.557890353639854,5.745190813116715,5.0183672328485125,4.368655853291283,3.788168312622452,3.269805553792023,2.8071799887073596,2.394545297607448,2.026733163497841,1.6990959876289482,1.407455431533008,1.1480557416422386,0.9175218865447894,0.7128216534498658,0.5312315287065581,0.37030587393715275,0.2278491795481307,0.10189101713341388,-0.009336500383770261,-0.1074190659048531,-0.1937785283917289,-0.26968937705652696,-0.3362936583789542,-0.3946143270737775,-0.4455673516341951,-0.4899725761133624,16199.999999999998,12302.025798240376,11222.240889220842,10237.235351136613,9338.688698866732,8519.01100909878,7771.278913195099,7089.176993011126,6466.9443579610315,5899.325892424206,5381.527840718363,4909.177274382171,4478.285133139202,4085.2125185132422,3726.6399519323463,3399.539306402113,3101.148302031293,2828.947068829031,2580.636928544439,2354.120963399034,2147.4863096336667,1958.9879953339519,1787.0342062736129,1630.1728423210307,1487.0792541512565,1356.5450564585453,1237.467923238128,1128.8422787261109,1029.750805517983,939.356698087271,856.8965964276724,781.6741396720049,713.0540847664515,650.4569433691163,593.3540877771906,541.2632860194357,493.7446323217881,450.39683036882235,410.8538104555283,374.78162205013103,341.87563022296666,311.85793673444476,284.4750345776702,259.495667203302,236.70887129792615,215.9222035067639,196.9601109477845,179.66244852779155,163.88312623044135,149.4888761534379,136.35812755016997,124.37997807263697,113.45326230604132,103.48569221712941,94.39308055894661,86.09862895157318,78.53227962883506,71.63012395082751,65.33386252013436,59.590312948168176,54.350960703231486,49.57154946724131,45.21170734230285,41.234605837733596,37.60664910946896,34.297190044517095,31.27827151101779,28.52439021700425,26.012281511110146,23.720722687115597,21.63035336642436,19.723513347461303,17.98409199859729,16.39739316510031,14.950010225540165,13.629713659299975,12.42534694752378,11.326733311991056,0.0,17.880623058980404,27.66463620436742,38.35300875288014,47.60218872244553,50.49447925221564,54.11972367449784,77.32312767141599,68.47089612433399,72.18824558842726,62.51921628457274,77.43776523023219,76.61656144515077,79.94953559516418,70.47384909769272,77.36443642534087,71.88780578238777,68.71039207187249,69.39205152884966,59.61835400863652,56.33348404085092,67.73337713536546,55.90536391253099,49.74844416795257,54.91264056264307,49.75899634516719,42.885447708773064,48.01735372369636,43.593263461037175,39.247444554112306,36.73238253640911,35.568356765642996,28.888182745280396,29.39222626948376,24.63774612221549,27.500853656486733,27.577393747145706,24.373313159281732,21.662879022916048,20.978482128909587,19.442072659555254,17.759373173707147,14.772353704397132,15.223753163511581,14.295299681237704,13.70624052896362,12.43227310289771,9.92625024440016,11.001989693274504,10.336460799096425,7.3365504645066935,9.616957442899988,8.9193275602329,8.968623578541807,6.151214763324439,6.252442622584178,6.270346306539193,5.008777892543504,6.678364763723135,4.448287692443781,3.845235795907983,3.937976315006186,3.516712220981137,2.007007900490026,4.4482190704354245,3.580628573115433,2.892511369965489,1.9191732544492521,2.4808248998236806,1.8380992140885937,3.840450909478304,1.9109449979056965,1.4418814679467444,3.0734270154201044,-0.48865256539157587,1.9739212559729626,1.7928288241706953,1.0643848060138723,0.0,32.13155809666236,32.96915422183733,51.852065226030014,49.2640946821504,49.05000719123624,56.094754080677525,55.0006798026459,54.27570958789301,60.48400845484597,56.21234301164284,45.81965195475959,55.221520225464204,50.056081235417835,53.63583042229914,48.19583108017335,50.118258572604255,43.540174963796176,41.14741520909847,37.040806465860946,40.94734541645578,42.933101306863094,33.12981559898867,31.7314384603292,31.125659204957376,31.138593641902702,29.274001955852693,27.11355647827148,22.115258164555893,22.09593382700822,21.073662743435982,22.57770176670636,18.70107695457122,19.2342488198238,18.674743353868152,15.387276483652345,13.206740434788085,11.570276682323307,13.858816738865052,13.084062647820536,9.320854143144336,9.746708238758265,8.674351161825003,9.01367654701684,8.340012361956676,7.260334445120982,6.061134352587034,4.509000705401686,6.197815905384287,4.075884985237866,3.8453310896368005,4.0209026862898085,4.772027320170441,3.854991993407311,2.4231387831762,3.3072540583527523,1.3985061781077228,2.9086538544850646,1.374579540849239,2.8975630004066293,1.8185991744385341,1.2274842896956346,3.4156646282062173,2.1657015676060256,2.2818741370772067,1.1888896792721986,0.8161145336133543,0.6577266283436657,-0.8556858084764036,3.4409505266459104,2.2883017343943752,0.7795180708245963,-0.6141046110616981,2.756338676036468,0.1156372154715265,1.1973092901531948,0.8600730889044338,1.0339898872204705
), .Dim=c(78, 2, 2))
"stsl" <- structure(c(78,78
), .Dim=c(1, 2))
"obSta" <- structure(c(1,2
), .Dim=c(1, 2))
"sts" <- structure(c(0,15,20,25,30,35,40,45,50,55,60,65,70,75,80,85,90,95,100,105,110,115,120,125,130,135,140,145,150,155,160,165,170,175,180,185,190,195,200,205,210,215,220,225,230,235,240,245,250,255,260,265,270,275,280,285,290,295,300,305,310,315,320,325,330,335,340,345,350,355,360,365,370,375,380,385,390,395,0,15,20,25,30,35,40,45,50,55,60,65,70,75,80,85,90,95,100,105,110,115,120,125,130,135,140,145,150,155,160,165,170,175,180,185,190,195,200,205,210,215,220,225,230,235,240,245,250,255,260,265,270,275,280,285,290,295,300,305,310,315,320,325,330,335,340,345,350,355,360,365,370,375,380,385,390,395
), .Dim=c(78, 2))
"obser" <- 2
"Y0us" <- structure(c(1299.9999999999998,0.0,0.0,723.6720783900444,20906.347085636906,984.5973669338543,0.0,0.0,0.0,0.0,0.0,1299.9999999999998,0.0,2339.9999999999995,9000.0,0.0,0.0,723.6720783900444,20906.347085636906,984.5973669338543,0.0,0.0,0.0,0.0,0.0,9000.0,0.0,16199.999999999998
), .Dim=c(14, 2))
