"Means" <- structure(c(7114.49372945483,5374.68,4759.97,4274.003333333333,3807.6433333333334,3445.14,3102.8466666666664,2814.4733333333334,2520.87,2297.68,2073.13,1882.1566666666668,1697.5866666666668,1543.4133333333332,1388.3166666666666,1259.3566666666668,1130.5266666666666,1010.3333333333334,935.9076666666666,848.9466666666667,751.9519999999999,677.0703333333332,617.0073333333333,556.6729999999999,509.1616666666667,449.1526666666667,410.4046666666666,363.16533333333336,327.7006666666667,301.507,274.9303333333333,250.4416666666667,217.57766666666666,195.84966666666665,182.86966666666663,163.01033333333334,140.14833333333334,128.07466666666664,117.52866666666667,104.35633333333334,91.98386666666666,80.63033333333334,71.745,71.18799999999999,58.26576666666667,55.77443333333334,51.26343333333333,45.93963333333334,42.78476666666666,37.03816666666666,43.62543333333334,29.007133333333332,29.841333333333335,30.411033333333336,19.432533333333335,20.4207,20.0179,20.001066666666667,15.926353333333333,14.945300000000001,12.010133333333334,10.410666666666666,10.537856666666666,8.082456666666667,8.472433333333333,4.867693333333333,7.523753333333333,0.14946666666666678,0.20071866666666652,6.707853333333333,3.283186666666667,-1.6208766666666667,0.19877333333333347,-0.8981193333333334,-3.7448866666666665,1.4706733333333333,-1.15072,0.1436250000000002,34670.694942714574,24694.25,22225.35,20095.6,18281.699999999997,16772.15,15257.900000000001,13998.8,12811.25,11758.35,10767.75,9870.565,8988.295,8218.69,7559.450000000001,6899.37,6293.43,5764.924999999999,5304.66,4839.57,4448.01,4072.575,3745.755,3429.9300000000003,3126.81,2870.755,2617.9,2399.315,2216.6549999999997,2026.54,1844.795,1693.4850000000001,1560.5749999999998,1432.805,1315.8000000000002,1193.175,1076.595,1000.437,922.63,828.7665,756.687,687.029,625.1179999999999,569.8945,543.6320000000001,491.2835,439.20550000000003,415.728,372.55,336.08950000000004,305.422,282.3555,258.659,237.67399999999998,211.505,187.3415,165.72,154.663,145.394,117.427,132.1845,101.40995000000001,105.8871,76.71430000000001,88.5651,84.66995,66.11875,58.5393,52.6621,54.4187,47.77945,45.73395,37.0436,31.6166,30.747500000000002,31.915149999999997,40.12925,6.9524216763793e-310,0.0,35.8707,52.1106,62.6346,75.55833333333332,86.3455,89.19013333333332,91.96116666666667,93.97180000000002,97.46533333333333,94.71873333333333,104.99866666666667,94.56053333333334,91.16523333333333,89.879,82.10256666666668,85.74863333333333,78.6737,76.2634,75.30026666666667,75.74183333333333,73.13733333333334,58.8698,54.4124,58.6889,49.714,52.79566666666667,45.31286666666667,43.08623333333333,42.25833333333333,37.69813333333334,37.33690000000001,34.01006666666667,30.286199999999997,31.522333333333336,26.316466666666667,22.07766666666667,20.087300000000003,25.886133333333333,22.566666666666666,13.845933333333335,15.321266666666668,16.81933,14.158133333333334,20.733900000000002,11.743526666666668,11.19097,11.777146666666667,7.05543,12.9585,8.010586666666667,8.038133333333333,7.654506666666667,9.41845,7.155406666666667,6.790826666666667,5.098956666666666,5.500749,3.255433333333333,6.184356666666666,3.0593833333333333,1.0860233333333333,5.780033333333333,2.3304233333333335,4.530523333333334,1.1600120999999999,2.7309033333333335,-0.04260366666666663,4.294581,2.3524166666666666,1.6061466666666664,1.8086746666666667,1.9932299999999998,-3.4320000000000004,0.9518029333333334,2.5859433333333333,1.7071833333333333,-2.808711,0.0,37.44855,39.153999999999996,40.286049999999996,41.28515,52.43105,47.64425,46.767399999999995,51.073,47.509299999999996,43.92765,41.879400000000004,47.10465000000001,45.4805,38.869299999999996,40.193349999999995,44.897850000000005,40.41765,40.3524,36.60445,25.897,38.0233,28.6968,29.42975,23.48005,21.73735,24.95225,28.438699999999997,21.43995,16.6545,15.472425000000001,21.38395,17.76425,12.52907,18.50125,13.7574,9.43961,13.998395000000002,9.92593,12.593605,9.956295,4.65508,10.48495,3.960715,3.177155,6.377904999999999,4.06425,5.836594999999999,5.696289999999999,3.3169295,5.16677,4.4074349999999995,4.44491,3.0145299999999997,0.8407024999999999,7.27792,-4.42618,6.458075,1.4935550000000002,2.29804,1.170125,3.11587,-3.7956,0.6914235,3.333225,3.1774750000000003,2.48323,0.770945,4.02653,1.563077,-1.916245,0.7318400000000003,-0.3922300000000001,0.1080049999999999,1.8590035,-0.3138749999999999,3.086255,1.1675051158626e-311
), .Dim=c(78, 2, 2))
"stsl" <- structure(c(78,77
), .Dim=c(1, 2))
"obSta" <- structure(c(1,2
), .Dim=c(1, 2))
"sts" <- structure(c(0,15,20,25,30,35,40,45,50,55,60,65,70,75,80,85,90,95,100,105,110,115,120,125,130,135,140,145,150,155,160,165,170,175,180,185,190,195,200,205,210,215,220,225,230,235,240,245,250,255,260,265,270,275,280,285,290,295,300,305,310,315,320,325,330,335,340,345,350,355,360,365,370,375,380,385,390,395,0,20,25,30,35,40,45,50,55,60,65,70,75,80,85,90,95,100,105,110,115,120,125,130,135,140,145,150,155,160,165,170,175,180,185,190,195,200,205,210,215,220,225,230,235,240,245,250,255,260,265,270,275,280,285,290,295,300,305,310,315,320,325,330,335,340,345,350,355,360,365,370,375,380,385,390,395,0
), .Dim=c(78, 2))
"obser" <- 2
"Y0us" <- structure(c(3204.1664514734175,0.0,0.0,7.363810535539445,0.0,0.0,0.0,0.0,0.0,3204.1664514734175,0.0,7114.49372945483,15614.698924364333,0.0,0.0,7.363810535539445,0.0,0.0,0.0,0.0,0.0,15614.698924364333,0.0,34670.694942714574
), .Dim=c(12, 2))
