"Means" <- structure(c(7114.49372945483,5374.68,4759.97,4274.003333333333,3807.6433333333334,3445.14,3102.8466666666664,2814.4733333333334,2520.87,2297.68,2073.13,1882.1566666666668,1697.5866666666668,1543.4133333333332,1388.3166666666666,1259.3566666666668,1130.5266666666666,1010.3333333333334,935.9076666666666,848.9466666666667,751.9519999999999,677.0703333333332,617.0073333333333,556.6729999999999,509.1616666666667,449.1526666666667,410.4046666666666,363.16533333333336,327.7006666666667,301.507,274.9303333333333,250.4416666666667,217.57766666666666,195.84966666666665,182.86966666666663,163.01033333333334,140.14833333333334,128.07466666666664,117.52866666666667,104.35633333333334,91.98386666666666,80.63033333333334,71.745,71.18799999999999,58.26576666666667,55.77443333333334,51.26343333333333,45.93963333333334,42.78476666666666,37.03816666666666,43.62543333333334,29.007133333333332,29.841333333333335,30.411033333333336,19.432533333333335,20.4207,20.0179,20.001066666666667,15.926353333333333,14.945300000000001,12.010133333333334,10.410666666666666,10.537856666666666,8.082456666666667,8.472433333333333,4.867693333333333,7.523753333333333,0.14946666666666678,0.20071866666666652,6.707853333333333,3.283186666666667,-1.6208766666666667,0.19877333333333347,-0.8981193333333334,-3.7448866666666665,1.4706733333333333,-1.15072,0.1436250000000002,0.0,35.8707,52.1106,62.6346,75.55833333333332,86.3455,89.19013333333332,91.96116666666667,93.97180000000002,97.46533333333333,94.71873333333333,104.99866666666667,94.56053333333334,91.16523333333333,89.879,82.10256666666668,85.74863333333333,78.6737,76.2634,75.30026666666667,75.74183333333333,73.13733333333334,58.8698,54.4124,58.6889,49.714,52.79566666666667,45.31286666666667,43.08623333333333,42.25833333333333,37.69813333333334,37.33690000000001,34.01006666666667,30.286199999999997,31.522333333333336,26.316466666666667,22.07766666666667,20.087300000000003,25.886133333333333,22.566666666666666,13.845933333333335,15.321266666666668,16.81933,14.158133333333334,20.733900000000002,11.743526666666668,11.19097,11.777146666666667,7.05543,12.9585,8.010586666666667,8.038133333333333,7.654506666666667,9.41845,7.155406666666667,6.790826666666667,5.098956666666666,5.500749,3.255433333333333,6.184356666666666,3.0593833333333333,1.0860233333333333,5.780033333333333,2.3304233333333335,4.530523333333334,1.1600120999999999,2.7309033333333335,-0.04260366666666663,4.294581,2.3524166666666666,1.6061466666666664,1.8086746666666667,1.9932299999999998,-3.4320000000000004,0.9518029333333334,2.5859433333333333,1.7071833333333333,-2.808711
), .Dim=c(78, 1, 2))
"stsl" <- structure(c(78
), .Dim=c(1, 1))
"obSta" <- structure(c(1,2
), .Dim=c(1, 2))
"sts" <- structure(c(0,15,20,25,30,35,40,45,50,55,60,65,70,75,80,85,90,95,100,105,110,115,120,125,130,135,140,145,150,155,160,165,170,175,180,185,190,195,200,205,210,215,220,225,230,235,240,245,250,255,260,265,270,275,280,285,290,295,300,305,310,315,320,325,330,335,340,345,350,355,360,365,370,375,380,385,390,395
), .Dim=c(78, 1))
"obser" <- 2
"Y0us" <- structure(c(7114.49372945483,0.0,561.561718497477,0.0,0.0
), .Dim=c(5, 1))
"ts" <- structure(c(1.0e-20,1.0,2.0,3.0,4.0,5.0,6.0,7.0,8.0,9.0,10.0,11.0,12.0,13.0,14.0,15.0,16.0,17.0,18.0,19.0,20.0,21.0,22.0,23.0,24.0,25.0,26.0,27.0,28.0,29.0,30.0,31.0,32.0,33.0,34.0,35.0,36.0,37.0,38.0,39.0,40.0,41.0,42.0,43.0,44.0,45.0,46.0,47.0,48.0,49.0,50.0,51.0,52.0,53.0,54.0,55.0,56.0,57.0,58.0,59.0,60.0,61.0,62.0,63.0,64.0,65.0,66.0,67.0,68.0,69.0,70.0,71.0,72.0,73.0,74.0,75.0,76.0,77.0,78.0,79.0,80.0,81.0,82.0,83.0,84.0,85.0,86.0,87.0,88.0,89.0,90.0,91.0,92.0,93.0,94.0,95.0,96.0,97.0,98.0,99.0,100.0,101.0,102.0,103.0,104.0,105.0,106.0,107.0,108.0,109.0,110.0,111.0,112.0,113.0,114.0,115.0,116.0,117.0,118.0,119.0,120.0,121.0,122.0,123.0,124.0,125.0,126.0,127.0,128.0,129.0,130.0,131.0,132.0,133.0,134.0,135.0,136.0,137.0,138.0,139.0,140.0,141.0,142.0,143.0,144.0,145.0,146.0,147.0,148.0,149.0,150.0,151.0,152.0,153.0,154.0,155.0,156.0,157.0,158.0,159.0,160.0,161.0,162.0,163.0,164.0,165.0,166.0,167.0,168.0,169.0,170.0,171.0,172.0,173.0,174.0,175.0,176.0,177.0,178.0,179.0,180.0,181.0,182.0,183.0,184.0,185.0,186.0,187.0,188.0,189.0,190.0,191.0,192.0,193.0,194.0,195.0,196.0,197.0,198.0,199.0,200.0,201.0,202.0,203.0,204.0,205.0,206.0,207.0,208.0,209.0,210.0,211.0,212.0,213.0,214.0,215.0,216.0,217.0,218.0,219.0,220.0,221.0,222.0,223.0,224.0,225.0,226.0,227.0,228.0,229.0,230.0,231.0,232.0,233.0,234.0,235.0,236.0,237.0,238.0,239.0,240.0,241.0,242.0,243.0,244.0,245.0,246.0,247.0,248.0,249.0,250.0,251.0,252.0,253.0,254.0,255.0,256.0,257.0,258.0,259.0,260.0,261.0,262.0,263.0,264.0,265.0,266.0,267.0,268.0,269.0,270.0,271.0,272.0,273.0,274.0,275.0,276.0,277.0,278.0,279.0,280.0,281.0,282.0,283.0,284.0,285.0,286.0,287.0,288.0,289.0,290.0,291.0,292.0,293.0,294.0,295.0,296.0,297.0,298.0,299.0,300.0,301.0,302.0,303.0,304.0,305.0,306.0,307.0,308.0,309.0,310.0,311.0,312.0,313.0,314.0,315.0,316.0,317.0,318.0,319.0,320.0,321.0,322.0,323.0,324.0,325.0,326.0,327.0,328.0,329.0,330.0,331.0,332.0,333.0,334.0,335.0,336.0,337.0,338.0,339.0,340.0,341.0,342.0,343.0,344.0,345.0,346.0,347.0,348.0,349.0,350.0,351.0,352.0,353.0,354.0,355.0,356.0,357.0,358.0,359.0,360.0,361.0,362.0,363.0,364.0,365.0,366.0,367.0,368.0,369.0,370.0,371.0,372.0,373.0,374.0,375.0,376.0,377.0,378.0,379.0,380.0,381.0,382.0,383.0,384.0,385.0,386.0,387.0,388.0,389.0,390.0,391.0,392.0,393.0,394.0,395.0
), .Dim=c(396, 1))
"itp" <- 0.0
"ncells" <- structure(c(4
), .Dim=c(1, 1))
"stslm" <- 78
"tml" <- 396
