"Means" <- structure(c(7719.296509612049,5784.216666666667,5147.596666666666,4730.113333333334,4311.256666666667,3923.5,3511.1166666666663,3167.4,2893.4366666666665,2639.23,2380.08,2162.57,1947.4866666666667,1769.9533333333336,1605.8999999999999,1458.4133333333332,1319.4133333333332,1200.5600000000002,1079.767,982.313,897.366,814.8476666666666,729.8146666666668,665.141,605.207,549.8866666666667,500.003,455.9393333333334,410.1573333333333,374.1493333333333,329.334,308.89866666666666,274.8403333333333,253.01566666666668,226.73233333333334,206.12199999999999,186.5666666666667,174.813,159.43933333333334,145.74766666666667,130.04966666666667,121.49533333333333,107.27433333333333,99.69853333333333,89.97226666666666,79.49516666666666,71.599,63.29253333333333,56.47833333333333,55.617999999999995,48.8271,48.78596666666667,41.07033333333333,34.880533333333325,29.4769,32.64463333333333,27.7885,24.2698,21.760833333333334,21.53996666666667,22.30633333333334,18.656333333333333,16.492566666666665,14.807633333333333,14.091356666666664,11.537913333333334,14.095003333333333,10.35553,5.454033333333332,9.482846666666667,7.15503,0.7308899999999996,3.6196117,-1.5329933333333334,-2.46099,2.281966666666667,-0.3320780000000001,2.2460396333333335,7114.49372945483,5374.68,4759.97,4274.003333333333,3807.6433333333334,3445.14,3102.8466666666664,2814.4733333333334,2520.87,2297.68,2073.13,1882.1566666666668,1697.5866666666668,1543.4133333333332,1388.3166666666666,1259.3566666666668,1130.5266666666666,1010.3333333333334,935.9076666666666,848.9466666666667,751.9519999999999,677.0703333333332,617.0073333333333,556.6729999999999,509.1616666666667,449.1526666666667,410.4046666666666,363.16533333333336,327.7006666666667,301.507,274.9303333333333,250.4416666666667,217.57766666666666,195.84966666666665,182.86966666666663,163.01033333333334,140.14833333333334,128.07466666666664,117.52866666666667,104.35633333333334,91.98386666666666,80.63033333333334,71.745,71.18799999999999,58.26576666666667,55.77443333333334,51.26343333333333,45.93963333333334,42.78476666666666,37.03816666666666,43.62543333333334,29.007133333333332,29.841333333333335,30.411033333333336,19.432533333333335,20.4207,20.0179,20.001066666666667,15.926353333333333,14.945300000000001,12.010133333333334,10.410666666666666,10.537856666666666,8.082456666666667,8.472433333333333,4.867693333333333,7.523753333333333,0.14946666666666678,0.20071866666666652,6.707853333333333,3.283186666666667,-1.6208766666666667,0.19877333333333347,-0.8981193333333334,-3.7448866666666665,1.4706733333333333,-1.15072,0.1436250000000002,7078.576655152858,4974.610000000001,4370.936666666667,3905.6800000000003,3473.193333333333,3068.97,2760.773333333333,2450.7066666666665,2172.7599999999998,1925.5,1734.1333333333332,1543.68,1364.4533333333336,1202.5436666666667,1063.522,954.1203333333333,843.6043333333333,752.531,650.1433333333333,582.165,514.4833333333333,457.6670000000001,401.2326666666666,351.96599999999995,304.283,271.68399999999997,237.88,215.221,185.958,164.21466666666666,145.81376666666665,132.57626666666667,111.81089999999999,100.01769999999999,87.75496666666668,79.92326666666666,69.23976666666665,58.35226666666666,51.63033333333334,44.20166666666666,40.51363333333333,30.4067,31.258333333333336,27.517599999999998,22.06396666666667,22.668726666666668,22.72576666666667,17.450983333333333,14.072603333333333,12.328213333333332,12.258583000000002,7.797450666666667,5.083146666666667,3.1151,1.42924,6.046182333333333,6.756365333333334,5.1225158,3.606346666666667,1.5980629999999998,5.089856666666667,3.3333166666666667,1.6668233333333333,3.105316666666667,3.5794943333333333,0.41721929999999996,0.6850273333333332,2.0325716666666667,-1.3098683333333332,-2.5858596666666664,-0.7945400000000001,-1.8820966666666663,4.462946666666666,1.0705366666666667,0.5800503333333333,-0.8402400000000001,1.128405,-1.0541374,0.0,12.2309,19.0033,24.877799999999997,32.34813333333333,34.00096666666666,33.82046666666667,36.84746666666666,42.80056666666667,43.171899999999994,41.92536666666666,45.42463333333333,39.8516,42.70676666666666,43.82123333333333,36.43203333333333,35.6928,36.707233333333335,39.71356666666667,33.93546666666666,27.627633333333335,30.945733333333337,29.383066666666668,29.097033333333332,27.076800000000002,25.287133333333333,27.371533333333332,20.6857,21.822466666666667,22.133666666666667,19.5705,18.1416,12.114016666666666,16.195933333333333,15.452433333333333,9.55316,17.077466666666666,12.008566666666667,10.779886666666668,8.924856666666667,9.153263333333333,8.174206666666667,4.831413333333333,9.74971,4.377703333333334,4.414256666666667,8.921696666666667,4.38737,1.9843499999999998,0.8047783333333335,1.0197166666666666,0.2210823333333333,4.14025,-1.3400200000000002,1.6938733333333333,1.7729133333333333,2.77026,3.671723333333333,1.2988879999999998,4.081036666666667,1.7770646666666667,2.8017179999999997,0.06370900000000002,1.2569703333333335,0.5279316666666667,0.43576699999999996,5.209263333333333,-0.78137,-1.6414953333333333,-0.5943433333333332,0.21619200000000002,0.8912966666666667,0.521397,1.8650106666666668,2.0879410000000003,-1.265736,1.1132189666666668,0.9158883333333333,0.0,35.8707,52.1106,62.6346,75.55833333333332,86.3455,89.19013333333332,91.96116666666667,93.97180000000002,97.46533333333333,94.71873333333333,104.99866666666667,94.56053333333334,91.16523333333333,89.879,82.10256666666668,85.74863333333333,78.6737,76.2634,75.30026666666667,75.74183333333333,73.13733333333334,58.8698,54.4124,58.6889,49.714,52.79566666666667,45.31286666666667,43.08623333333333,42.25833333333333,37.69813333333334,37.33690000000001,34.01006666666667,30.286199999999997,31.522333333333336,26.316466666666667,22.07766666666667,20.087300000000003,25.886133333333333,22.566666666666666,13.845933333333335,15.321266666666668,16.81933,14.158133333333334,20.733900000000002,11.743526666666668,11.19097,11.777146666666667,7.05543,12.9585,8.010586666666667,8.038133333333333,7.654506666666667,9.41845,7.155406666666667,6.790826666666667,5.098956666666666,5.500749,3.255433333333333,6.184356666666666,3.0593833333333333,1.0860233333333333,5.780033333333333,2.3304233333333335,4.530523333333334,1.1600120999999999,2.7309033333333335,-0.04260366666666663,4.294581,2.3524166666666666,1.6061466666666664,1.8086746666666667,1.9932299999999998,-3.4320000000000004,0.9518029333333334,2.5859433333333333,1.7071833333333333,-2.808711,0.0,92.7504,134.54333333333332,157.00333333333333,176.727,190.01666666666665,204.61299999999997,204.93133333333336,204.60733333333334,209.75500000000002,213.49533333333332,199.442,201.702,194.0203333333333,184.20166666666668,167.46666666666667,166.06866666666667,160.40200000000002,147.45933333333335,141.508,142.64033333333333,127.10133333333333,119.58266666666667,108.03953333333334,101.2561,97.21289999999999,89.56703333333333,78.61753333333333,77.49740000000001,69.75516666666665,67.22476666666667,62.489866666666664,56.93280000000001,50.482,53.093700000000005,42.95593333333333,42.31213333333333,37.0879,35.1681,29.058566666666668,26.598033333333333,24.536299999999997,21.868566666666666,25.4074,23.543333333333333,15.732266666666666,14.64048333333333,15.047000000000002,8.742643333333334,13.664393333333335,19.647733333333335,10.212246666666667,5.729543333333333,7.281686666666666,8.439516666666668,4.885636666666667,2.29432,5.551573333333333,0.6366783333333332,3.301273333333333,7.569126666666667,4.067876666666666,4.100986666666667,1.0068566666666665,4.04221,0.30349666666666675,-0.21139666666666676,-1.1194696666666666,2.391163333333333,0.4433899999999998,0.7921986666666667,-1.2967233333333334,-1.1426856666666667,-0.2043046666666666,3.6382266666666663,1.0384912333333334,1.1091799999999998,-1.6969666666666665
), .Dim=c(78, 3, 2))
"stsl" <- structure(c(78,78,78
), .Dim=c(1, 3))
"obSta" <- structure(c(1,2
), .Dim=c(1, 2))
